3583	57.9965
3582	57.9617
3581	57.9197
3569	56.9854
3568	56.9053
3567	56.8265
3566	56.7253
3565	56.6492
3564	56.6586
3563	56.668
3562	56.6778
3560	56.6895
3559	56.6988
3558	56.7081
3557	56.7187
3556	56.7299
3555	56.7715
3554	56.8162
3552	56.9399
3551	56.9915
3550	57.0394
3549	57.0865
3548	57.1004
3547	57.0623
3546	57.0222
3545	56.9897
3544	56.952
3543	56.9151
3542	56.8801
3541	56.8472
3540	56.8171
3539	56.7908
3538	56.7712
3537	56.7474
3536	56.7222
3534	56.6914
3532	56.6906
3531	57.0685
3530	57.1723
3527	58.7781
3526	59.1379
3512	58.479
3511	58.537
3510	58.5908
3509	58.6406
3508	58.8075
3507	59.1287
3505	59.5238
3504	59.835
3503	60.154
3502	60.4336
3501	60.7153
3500	60.7525
3499	60.626
3479	56.7808
3478	56.6453
3477	56.5002
3476	56.3187
3475	56.1885
3474	56.0707
3473	55.9115
3472	55.7271
3471	55.5373
3470	55.3498
3466	54.6951
3465	54.5178
3464	54.0974
3463	53.6403
3462	52.7332
3461	51.8244
3460	50.9138
3459	49.9161
3458	48.945
3457	47.8939
3456	46.9567
3455	46.4095
3454	47.9437
3453	49.5995
3452	51.3239
3451	53.0302
3450	50.7148
3448	38.1271
3447	31.8542
3446	25.8277
3445	20.3459
3444	29.4273
3443	50.3998
3264	56.9938
3263	57.4358
3262	57.2061
3261	56.9608
3260	56.7363
3259	56.5083
3258	56.2742
3257	56.0454
3255	55.6348
3253	55.834
3252	55.9543
3251	56.0696
3250	56.1816
3249	56.2963
3246	56.4462
3245	56.411
3244	56.3334
3243	56.252
3238	55.8972
3237	56.0092
3236	56.0605
3235	56.1655
3234	56.2722
3233	56.3772
3232	56.4224
3231	56.545
3230	56.6654
3229	56.7686
3228	56.7892
3227	56.6383
3226	56.4427
3225	56.2696
3224	56.1304
3223	55.9856
3222	55.8381
3221	55.7209
3220	56.1708
3219	56.5214
3218	56.8186
3217	57.1066
3216	57.3896
3215	57.6694
3214	58.0028
3213	57.8139
3211	57.2294
3209	56.8339
3208	56.6196
3207	56.4045
3206	56.2244
3205	56.0749
3203	55.8872
3202	55.7552
3201	55.6203
3200	55.4009
3199	55.4888
3198	55.7252
3197	55.826
3196	56.0594
3195	56.283
3194	56.4982
3193	56.7124
3192	56.9297
3191	57.1631
3190	57.4101
3189	57.6304
3188	57.3396
3187	56.8842
3186	56.4228
3185	55.9372
3180	57.702
3178	57.7737
3177	57.8224
3176	57.8693
3175	57.9159
3174	57.9617
3173	58.0098
3172	58.0447
3171	58.0696
3169	58.1021
3168	58.1307
3167	58.1562
3166	58.1598
3165	58.1641
3164	58.2238
3163	58.1233
3162	58.0367
3161	57.8748
3147	57.1821
3146	57.0825
3145	56.9988
3144	56.9148
3143	56.8306
3142	56.874
3140	57.1937
3139	57.2855
3138	57.3892
3137	57.489
3136	57.5064
3135	57.4591
3134	57.4016
3132	57.3438
3131	57.2921
3121	55.4373
3120	55.5819
3119	55.7154
3117	54.934
3116	54.5681
3115	54.2958
3114	53.9861
3113	53.6963
3112	53.2623
3099	56.5632
3098	56.3877
3097	56.2281
3096	56.0839
3095	55.9311
3094	55.7809
3093	55.6447
3092	55.5056
3091	55.5245
3090	55.5426
3089	55.5634
3088	55.5835
3087	55.6031
3086	55.6224
3085	55.6418
3084	55.6627
3082	55.2745
3081	54.8889
3075	52.9131
3074	52.7541
3073	52.74
3060	55.0251
3059	54.7919
3058	54.419
3057	54.067
3052	55.1301
3051	55.3165
3050	55.6255
3049	55.9761
3048	56.2935
3047	56.5985
3046	56.8912
3045	56.8212
3044	56.6532
3043	56.4608
3042	56.3287
3041	56.1751
3040	56.0309
3038	55.8728
3037	55.7298
3036	55.5838
3035	55.6879
3034	55.8785
3033	56.2602
3032	56.4524
3031	56.6483
3030	56.6926
3029	56.873
3028	57.069
3027	56.9023
3026	56.6073
3025	56.3441
3024	56.0623
3023	55.6811
3022	55.3976
3021	55.129
3020	54.8819
3019	54.9522
3018	55.033
3017	55.1243
3016	55.2044
3015	55.2875
3014	55.3706
3013	55.4572
3012	55.536
3010	55.6404
3009	55.6434
3008	55.6464
3007	55.6495
3006	55.6527
3005	55.6553
3004	55.658
3003	55.6609
3002	55.6639
3001	55.6665
3000	55.6699
2999	55.673
2998	55.6761
2996	55.6799
2994	55.6833
2993	55.6858
2992	55.6761
2991	55.6464
2990	55.6235
2989	55.603
2988	55.5841
2987	55.564
2986	55.5431
2985	55.5241
2984	55.5032
2983	55.1709
2982	54.7689
2981	54.4083
2980	54.0517
2979	53.6981
2978	53.2728
2977	52.9208
2976	52.5407
2975	53.4737
2974	54.6845
2970	54.9463
2969	54.9115
2968	54.9322
2967	55.0755
2966	55.1863
2965	55.2909
2964	55.3961
2963	55.495
2962	55.6134
2960	55.7774
2959	55.7472
2958	55.6966
2957	55.6442
2956	55.5983
2955	55.5466
2954	55.4832
2953	55.4353
2951	55.3786
2950	55.3335
2949	55.2688
2948	55.1314
2947	54.9208
2946	54.7979
2945	54.6545
2944	54.5407
2943	54.4247
2936	53.3279
2454	55.4717
2453	55.5148
2452	55.5464
2451	55.5785
2450	55.609
2449	55.6387
2448	55.6683
2447	55.7015
2446	55.715
2445	55.7259
2444	55.7378
2442	55.7551
2441	55.7652
2440	55.777
2439	55.7878
2438	55.826
2437	55.9926
2436	56.1331
2435	56.2425
2434	56.3465
2433	56.4476
2432	56.5478
2431	56.6496
2430	56.7524
2429	56.888
2428	57.0359
2427	57.1897
2426	57.3569
2425	57.4916
2424	57.6507
2423	57.7875
2422	57.9285
2421	58.0863
2420	57.9563
2419	57.6864
2411	56.0128
2410	56.0104
2409	56.0077
2408	56.0048
2407	56.0024
2406	56
2405	56.0363
2404	56.0733
2403	56.114
2402	56.1519
2401	56.1894
2399	56.2411
2389	56.3333
2388	56.3489
2387	56.3652
2386	56.3808
2385	56.3952
2384	56.4109
2383	56.4262
2382	56.442
2381	56.4649
2380	56.4933
2379	56.5352
2378	56.5654
2377	56.5925
2375	56.6585
2374	56.6926
2373	56.7199
2369	56.8197
2368	56.8948
2367	56.9809
2366	57.0542
2364	57.1416
2363	57.222
2362	57.3126
2361	57.3877
2360	57.4441
2359	57.4995
2358	57.5576
2357	57.6153
2356	57.6717
2355	57.7341
2354	57.7498
2353	57.8064
2352	57.8611
2351	57.9499
2350	58.0382
2349	58.1329
2348	58.2299
2347	58.3123
2346	58.4011
2345	58.5384
2344	58.5381
2343	58.3977
2342	58.3537
2335	58.0493
2334	58.1648
2333	58.1444
2332	58.0015
2328	57.044
2327	56.8641
2326	56.8242
2321	57.0276
2320	57.0705
2319	57.0245
2318	56.9663
2317	56.8921
2316	56.8026
2315	56.741
2314	56.6789
2313	56.6066
2311	56.6007
2310	56.6271
2309	56.6565
2308	56.6829
2307	56.7108
2306	56.7403
2305	56.7689
2304	56.7497
2303	56.708
2301	56.6234
2300	56.5846
2299	56.5389
2298	56.4995
2297	56.5066
2296	56.5316
2295	56.5563
2294	56.5813
2293	56.6052
2292	56.6288
2291	56.6718
2290	56.6818
2289	56.6843
2288	56.6875
2287	56.6905
2286	56.6954
2285	56.6982
2284	56.701
2283	56.7134
2282	56.7356
2281	56.7608
2280	56.7801
2279	56.7999
2278	56.8207
2277	56.8414
2276	56.8631
2275	56.8629
2274	56.8586
2273	56.8533
2272	56.849
2271	56.8464
2270	56.8439
2266	56.8357
2265	56.8313
2264	56.8387
2263	56.8479
2262	56.8578
2261	56.8674
2260	56.8768
2259	56.8873
2258	56.8963
2257	56.9055
2256	56.9956
2255	57.0888
2254	57.1853
2253	57.2886
2252	57.3852
2251	57.5172
2250	57.6247
2249	57.7061
2248	57.7355
2247	57.7648
2246	57.7939
2245	57.8041
2244	57.8336
2243	57.8579
2242	57.8818
2241	57.9036
2240	57.8684
2220	56.7649
2219	56.7389
2218	56.7216
2217	56.6817
2216	56.6624
2215	56.645
2214	56.6277
2213	56.6104
2212	56.5931
2211	56.5868
2210	56.5805
2208	56.5705
2207	56.5645
2206	56.5325
2205	56.5082
2204	56.4836
2203	56.4598
2202	56.4327
2201	56.4043
2200	56.3781
2199	56.4641
2198	56.5625
2197	56.659
2196	56.7564
2195	56.8528
2194	56.9548
2193	57.0338
2192	57.0924
2191	57.1931
2190	57.3102
2187	57.4843
2186	57.5877
2185	57.6832
2184	57.8184
2183	57.8332
2182	57.931
2181	58.0112
