3470002	31.8666
3470003	43.3092
3480001	46.9958
3490001	47.8346
3490002	53.1104
3490003	52.9309
3490004	54.4603
3490005	54.6726
3490006	55.8818
3490007	55.3839
3490008	56.6519
3490009	56.8046
3490010	57.3337
3490011	57.2063
3490012	57.8826
3490013	57.6578
3490014	58.5292
3490015	58.3044
3490016	59.1169
3490017	58.9043
3490018	59.4597
3490019	58.9055
3490020	60.0581
3490021	59.1619
3490022	60.2736
3490023	59.913
3490024	60.4627
3490025	59.3589
3490026	60.9479
3490027	60.4198
3490028	60.9436
3490029	60.0275
3490030	61.3896
3490031	60.6427
3490032	61.1184
3490033	61.0884
3490034	61.6067
3490035	60.7696
3490036	61.6333
3490037	61.5816
3490038	61.9533
3490039	61.1883
3490040	62.1262
3490041	61.0935
3490042	61.9371
3490043	61.5703
3490044	62.017
3490045	60.6539
3490046	61.6809
3490047	61.1923
3490048	62.2636
3490049	61.4324
3490050	62.2861
3490051	61.3328
3490052	62.5212
3490053	61.8688
3490054	62.4481
3490055	62.108
3490056	62.2612
3490057	61.6321
3490058	62.5468
3490059	61.3285
3490060	62.5709
3490061	61.9098
3490062	62.4144
3490063	62.5054
3490064	62.4996
3490065	61.9859
3490066	62.7096
3490067	62.1264
3490068	62.5202
3490069	62.4292
3490070	62.6557
3490071	61.9162
3490072	62.5118
3490073	62.029
3490074	62.5666
3490075	62.3517
3490076	62.631
3490077	61.8705
3500001	61.0571
3510001	85.241
3510002	65.6392
3520001	68.4022
3520002	45.2368
3520003	50.1112
3520004	47.8418
3520005	52.4708
3520006	48.0122
3520007	52.663
3520008	48.0239
3520009	52.0078
3520010	48.0113
3520011	52.5517
3520012	48.3122
3520013	52.8052
3520014	48.0472
3520015	52.0878
3520016	48.0292
3520017	52.2486
3520018	48.231
3520019	52.2781
3520020	47.7807
3520021	51.7337
3520022	48.0318
3520023	50.4923
3540001	24.5617
3540002	30.0224
3540003	33.3802
3540004	36.0539
3540005	38.2819
3540006	39.6818
3540007	41.741
3540008	43.3763
3540009	44.5612
3540010	46.0177
3540011	46.9766
3540012	48.0955
3540013	48.84
3540014	61.3664
3540015	61.7221
3540016	61.2139
3540017	61.8169
3540018	61.4722
3540019	61.949
3540020	62.1966
3540021	61.9368
3540022	61.6203
3540023	62.0778
3540024	61.5552
3540025	62.0951
3540026	61.2538
3540027	61.9409
3540028	61.3582
3540029	62.0912
3540030	61.4018
3540031	61.9301
3540032	61.5136
3540033	61.8873
3540034	61.847
3540035	61.8281
3540036	61.6342
3540037	61.6754
3540038	61.4825
3540039	61.6115
3540040	61.5866
3540041	61.712
3540042	61.5744
3540043	61.759
3540044	61.8913
3540045	62.0618
3540046	62.1432
3540047	61.9473
3550001	64.6991
3550002	64.9588
3550003	64.9576
3550004	64.8717
3550005	64.4877
3550006	64.4152
3550007	63.7023
3550008	63.0557
3550009	63.247
3550010	63.6894
3550011	62.604
3550012	63.1091
3550013	63.1304
3550014	62.6547
3550015	62.5355
3550016	62.7517
3550017	63.2013
3550018	63.1816
3550019	62.8834
3550020	63.388
3550021	63.3691
3550022	63.445
3550023	63.055
3550024	63.0296
3550025	62.6861
3550026	63.0117
3550027	62.1264
3550028	62.924
3550029	62.7129
3550030	62.3727
3550031	62.2013
3550032	62.3378
3550033	62.148
3550034	62.265
3550035	61.5583
3550036	62.0601
3550037	61.9263
3550038	61.594
3550039	61.5102
3550040	62.0965
3550041	61.7532
3550042	61.8245
3550043	61.6242
3550044	61.5047
3550045	61.2637
3550046	61.5945
3550047	61.6012
3550048	61.917
3550049	60.9369
3550050	63.5548
3550051	63.4143
3550052	63.9467
3550053	63.2503
3550054	63.2084
3550055	63.2676
3550056	63.6046
3550057	62.7972
3550058	63.1697
3550059	62.4594
3550060	62.8802
3550061	62.7591
3550062	63.1859
3550063	62.8877
3550064	62.9547
3550065	62.5341
3550066	62.7807
3550067	62.2066
3550068	62.5453
3550069	62.4426
3550070	62.2655
3550071	62.2791
3550072	62.0862
3550073	61.8698
3550074	61.6338
3550075	61.6857
3550076	62.0568
3550077	61.4284
3550078	61.7767
3550079	60.7277
3550080	61.5572
3550081	61.426
3550082	61.4633
3550083	61.396
3550084	61.5662
3550085	60.6334
3550086	61.5945
3550087	61.2917
3550088	61.6297
3550089	61.34
3550090	61.4633
3550091	60.4976
3550092	61.2675
3550093	61.1023
3550094	61.1327
3550095	60.4979
3550096	61.3994
3550097	61.143
3550098	61.0846
3550099	60.2614
3550100	61.0947
3550101	60.8766
3550102	61.0915
3550103	60.3502
3550104	61.2393
3550105	60.5029
3550106	60.9941
3550107	61.0037
3550108	61.0365
3550109	60.7076
3550110	60.8471
3550111	60.4112
3550112	60.9656
3550113	60.9424
3550114	60.9807
3550115	61.1667
3550116	61.0322
3550117	60.4866
3550118	61.0334
3550119	60.5053
3550120	61.0441
3550121	60.5548
3550122	61.1737
3550123	60.8711
3550124	60.8905
3550125	60.9077
3550126	61.1138
3550127	61.0559
3550128	45.8496
3550129	47.6862
3550130	49.7329
3550131	50.7752
3550132	51.9922
3550133	52.7951
3550134	53.5743
3550135	53.3886
3550136	54.6276
3550137	54.8723
3550138	55.556
3550139	55.3243
3550140	56.3326
3550141	56.4721
3550142	57.0079
3550143	56.8235
3550144	57.3696
3550145	57.039
3550146	57.8098
3550147	57.2652
3550148	58.2567
3550149	58.15
3550150	58.5344
3550151	58.5967
3550152	59.0364
3550153	58.9299
3550154	59.0769
3550155	59.3167
3550156	59.2945
3550157	58.7889
3550158	59.4285
3550159	59.4764
3550160	59.5437
3550161	59.6485
3550162	59.9356
3550163	59.7773
3550164	59.7019
3550165	59.948
3550166	60.212
3550167	59.8041
3550168	59.8544
3550169	60.4452
3550170	60.2774
3550171	60.1141
3550172	60.6367
3550173	60.556
3550174	60.4802
3550175	60.3487
3550176	60.827
3550177	60.6408
3550178	60.8517
3550179	60.6133
3550180	60.648
3550181	60.6676
3550182	60.9324
3550183	60.789
3550184	60.8591
3550185	60.9374
3550186	61.0549
3550187	60.9283
3550188	60.9704
3550189	59.8843
3550190	61.0408
3550191	60.2736
3550192	60.8941
3550193	60.4828
3550194	60.6243
3550195	60.3377
3550196	60.5761
3550197	60.5551
3550198	61.0506
3550199	60.1675
3550200	61.2005
3550201	60.9362
3550202	61.0623
3550203	60.8955
3550204	60.9613
3550205	60.4691
3550206	60.9551
3550207	61.0008
3550208	60.8929
3550209	60.687
3550210	60.601
3550211	60.5773
3550212	60.6587
3550213	60.0979
3550214	60.6451
3550215	60.8131
3550216	61.0432
3550217	60.3964
3550218	61.0877
3550219	60.7717
3550220	60.7432
3550221	60.7298
3550222	61.0233
3550223	59.9841
3550224	60.6571
3550225	60.4847
3550226	61.0183
3550227	60.5886
3550228	60.7674
3550229	60.8857
3550230	60.8005
3550231	60.6987
3550232	60.6932
3550233	60.0392
3550234	60.8912
3550235	60.7983
3550236	60.9084
3550237	59.9897
3550238	60.7109
3550239	60.2029
3550240	61.2261
3550241	60.8445
3550242	61.0607
3550243	60.8694
3550244	60.6046
3550245	62.5626
3550246	62.9535
3550247	63.055
3550248	62.9319
3550249	62.2559
3550250	62.8685
3550251	62.4515
3550252	62.2913
3550253	62.1515
3550254	62.4218
3550255	62.0359
3550256	62.0105
3550257	61.7128
3550258	62.0354
3550259	61.3826
3550260	61.7343
3550261	61.0844
3550262	61.7209
3550263	61.217
3550264	61.4844
3550265	60.6398
3550266	61.2084
3550267	61.014
3550268	60.979
3550269	60.6334
3550270	60.8344
3550271	60.3815
3550272	61.1579
3550273	61.211
3550274	61.8497
3550275	61.0075
3550276	61.87
3550277	61.4403
3550278	61.7324
3550279	61.3115
3550280	61.8236
3550281	61.3331
3550282	61.6256
3550283	61.3836
3550284	61.5461
3550285	60.7064
3550286	61.5888
3550287	61.3077
3550288	61.5871
3550289	60.6918
3550290	61.3628
3550291	61.4054
3550292	61.4389
3550293	60.9249
3550294	61.099
3550295	60.8028
3550296	60.885
3550297	60.4323
3550298	61.0135
3550299	60.6341
3550300	61.166
3550301	60.3837
3550302	57.6046
3550303	55.4562
3550304	48.2691
3560001	57.3614
3560002	56.1839
3560003	56.5475
3560004	56.5999
3560005	57.0186
3560006	56.6509
3560007	57.0737
3560008	57.457
3560009	58.8693
3560010	58.7539
3560011	58.4626
3560012	58.6704
3560013	58.387
3560014	46.7401
3560015	55.6063
3560016	55.5373
3560017	58.0221
3560018	57.6193
3570001	62.5575
3570002	63.3911
3570003	62.7893
3570004	63.1005
3570005	62.4252
3570006	62.5104
3570007	62.3019
3570008	62.101
3570009	61.6594
3570010	61.6879
3570011	61.2701
3570012	61.3386
3570013	61.1923
3570014	61.0015
3570015	60.85
3570016	60.9008
3570017	60.5611
3570018	60.6614
3570019	59.8312
3570020	60.4579
3570021	59.5011
3570022	60.1366
3570023	59.852
3570024	59.8733
3570025	59.9212
3570026	59.7428
3570027	59.7809
3570028	59.5612
3570029	59.565
3570030	59.745
3570031	58.8229
3570032	59.7393
3570033	59.6028
3570034	59.1231
3570035	59.0704
3570036	59.1353
3570037	59.6483
3570038	59.5679
3570039	59.5434
3570040	59.6232
3570041	59.543
3570042	59.6095
3570043	59.7582
3570044	59.2282
3570045	59.6665
3570046	59.2993
3570047	58.8389
3570048	59.2265
3570049	60.7763
3570050	60.7353
3570051	60.6381
3570052	60.4744
3570053	60.6618
3570054	60.5958
3570055	59.7354
3570056	60.1453
3570057	60.0859
3570058	60.2997
3570059	62
3570060	61.8511
3570061	61.5253
3570062	61.8193
3570063	61.3218
3570064	61.5785
3570065	60.7746
3570066	61.2158
3570067	60.4641
3570068	61.3606
3570069	60.6944
3570070	61.0915
3570071	60.9084
3570072	60.6233
3570073	59.9171
3570074	60.7131
3570075	59.4676
3570076	60.5158
3570077	60.2087
3570078	60.3988
3570079	60.4114
3570080	60.4852
3570081	59.9798
3570082	60.2049
3570083	59.5511
3570084	60.1161
3570085	59.3447
3570086	60.021
3570087	59.6615
3570088	59.8822
3570089	59.6289
3570090	59.7893
3570091	59.5171
3570092	59.8211
3570093	59.2418
3570094	59.9183
3570095	59.7086
3570096	59.5872
3570097	59.9466
3570098	59.5875
3570099	59.4048
3570100	59.5856
3570101	59.4252
3570102	59.3167
3570103	59.046
3570104	59.5686
3570105	59.936
3570106	59.6753
3570107	62.0517
3570108	61.8028
3570109	61.8432
3570110	61.503
3570111	61.6836
3570112	61.3757
3570113	60.9589
3570114	61.0532
3570115	60.6855
3570116	61.082
3570117	60.7976
3570118	60.8366
3570119	60.2391
3570120	61.0892
3570121	60.586
3570122	60.7239
3570123	61.9691
3570124	61.9055
3570125	60.8402
3570126	61.5057
3570127	61.1966
3570128	61.4078
3570129	60.7686
3570130	61.2838
3570131	60.8823
3570132	60.9297
3570133	60.3511
3570134	60.7815
3570135	60.7028
3570136	60.4083
3570137	60.5525
3570138	60.3901
3570139	60.3674
3570140	60.2597
3570141	60.0974
3570142	60.3506
3570143	59.9176
3570144	60.3399
3570145	59.9877
3570146	59.9367
3570147	60.1781
3570148	60.398
3570149	60.3152
3570150	60.5285
3570151	60.2745
3570152	60.1821
3570153	59.655
3570154	60.3538
3570155	60.1536
3570156	60.4143
3570157	60.0035
3570158	60.146
3570159	60.1654
3570160	60.1261
3580001	61.2627
3580002	61.7417
3580003	61.261
3580004	61.6311
3580005	61.351
3580006	61.4418
3580007	60.8287
3580008	61.0506
3580009	60.9939
3580010	61.0568
3580011	60.7708
3580012	60.7162
3580013	60.3952
3580014	60.7971
3580015	60.8876
3580016	60.9027
3580017	60.7607
3580018	60.5017
3580019	60.6262
3580020	60.1792
3580021	59.6136
3580022	60.5402
3580023	60.2056
3580024	60.4694
3580025	60.1859
3580026	60.477
3580027	59.7474
3580028	60.2125
3580029	60.3016
3580030	60.0548
3580031	59.9999
3580032	60.0617
3580033	60.201
3580034	60.0545
3580035	59.7989
3580036	59.9166
3580037	59.8546
3580038	60.0653
3580039	59.6016
3580040	60.0694
3580041	59.9073
3580042	59.7747
3580043	59.4156
3580044	59.9588
3580045	59.3124
3580046	59.7168
3580047	60.0509
3580048	60.1804
3580049	59.7598
3580050	60.0686
3580051	59.9739
3580052	59.9475
3580053	60.0112
3580054	60.5237
3580055	59.9774
3580056	60.2278
3580057	60.0548
3580058	60.0988
3580059	59.8637
3580060	60.016
3580061	59.1772
3580062	59.5827
3580063	61.3917
3580064	61.0135
3580065	60.9692
3580066	60.9647
3580067	60.0916
3580068	60.6707
3580069	59.9121
3580070	60.5295
3580071	60.4292
3580072	60.7071
3580073	60.2053
3580074	60.2161
3580075	60.1031
3580076	60.2355
3580077	60.05
3580078	60.1742
3580079	59.2306
3580080	60.1642
3580081	62.8857
3580082	62.847
3580083	61.8827
3580084	62.4958
3580085	62.1542
3580086	61.8207
        
        
        
