1	45.0181
2	44.8658
3	46.1623
4	46.3422
5	47.3672
6	46.9451
7	48.0199
8	48.1493
9	48.5978
10	48.4899
11	49.063
12	48.8725
13	49.6111
14	49.4206
15	49.9291
16	50.3999
17	49.9301
18	50.9071
19	50.1475
20	51.0898
21	50.7841
22	51.2501
23	50.3145
24	51.6613
25	51.2137
26	51.6577
27	50.8812
28	52.0357
29	51.4026
30	51.8058
31	51.7804
32	52.2198
33	51.5102
34	52.2423
35	52.1985
36	52.5135
37	52.6601
38	51.7848
39	52.4998
40	52.1889
41	52.5675
42	51.4121
43	52.2827
44	51.8686
45	52.7766
46	52.0721
47	52.7956
48	51.9877
49	52.9948
50	52.442
51	52.933
52	52.6446
53	52.7745
54	52.2413
55	53.0371
56	52.4766
57	52.9815
58	52.9766
59	52.5411
60	53.1545
61	52.9941
62	52.917
63	53.1089
64	52.4821
65	53.0335
66	52.8512
67	53.088
68	52.6191
69	52.1761
70	51.9207
71	52.503
72	52.0091
73	52.0461
74	52.4939
75	52.1408
76	52.4576
77	52.4235
78	52.4074
79	52.2431
80	52.278
81	52.1144
82	55.0601
83	54.9873
84	54.6618
85	54.6003
86	53.6101
87	53.065
88	53.4932
89	53.5113
90	53.1081
91	53.7296
92	53.7136
93	53.7779
94	53.4474
95	53.4259
96	53.1347
97	53.4107
98	52.6602
99	53.3364
100	53.1574
101	52.8691
102	52.8395
103	52.6785
104	52.1788
105	52.604
106	52.3439
107	52.4044
108	52.2346
109	54.2032
110	53.6129
111	53.6275
112	53.9133
113	53.1966
114	53.5584
115	53.3056
116	53.3624
117	53.0059
118	53.2148
119	53.0154
120	52.9284
121	52.7782
122	52.7897
123	52.6262
124	52.4427
125	52.2427
126	52.2867
127	52.6012
128	52.0686
129	52.3639
130	51.4747
131	52.1778
132	52.0665
133	52.0982
134	52.0412
135	52.1855
136	51.9527
137	52.2392
138	51.9937
139	52.0982
140	51.2797
141	51.9322
142	51.7922
143	51.818
144	51.2799
145	51.8267
146	51.7772
147	51.0794
148	51.7857
149	51.6009
150	51.7831
151	51.1547
152	51.9083
153	51.2841
154	51.7005
155	51.7086
156	51.7364
157	51.4576
158	51.5759
159	51.2064
160	51.6763
161	51.6566
162	51.6892
163	51.8468
164	51.7328
165	51.2703
166	51.7338
167	51.2861
168	51.7429
169	51.8527
170	51.5962
171	51.802
172	51.7528
173	40.4203
174	42.1551
175	44.0702
176	44.7508
177	45.4113
178	45.2538
179	46.3041
180	46.5114
181	47.091
182	46.8946
183	47.7492
184	47.8676
185	48.3216
186	48.1654
187	48.6283
188	48.348
189	48.5398
190	49.2897
191	49.6156
192	49.6684
193	50.0411
194	49.9508
195	50.0754
196	50.2787
197	50.2599
198	49.8313
199	50.3735
200	50.414
201	50.5599
202	50.8032
203	50.6691
204	50.6052
205	50.7345
206	51.2352
207	51.093
208	50.9546
209	51.3292
210	51.2648
211	51.1534
212	51.5588
213	51.5798
214	51.3777
215	51.4071
216	51.4238
217	51.6482
218	51.5266
219	51.6524
220	51.7521
221	51.6447
222	51.6804
223	50.7598
224	51.7401
225	51.0898
226	51.6157
227	51.2671
228	51.387
229	51.1441
230	51.3462
231	51.3283
232	51.7484
233	50.9999
234	51.8754
235	51.6514
236	51.7584
237	51.6169
238	51.6727
239	51.2555
240	51.6674
241	51.7062
242	51.6147
243	51.4401
244	51.3673
245	51.4047
246	51.5471
247	51.7421
248	51.1939
249	51.7798
250	51.512
251	51.4879
252	51.4765
253	51.7252
254	50.8444
255	51.4148
256	51.2687
257	51.721
258	51.3568
259	51.6086
260	51.5363
261	51.4501
262	51.4454
263	50.8911
264	51.6133
265	51.5347
266	51.6279
267	50.8491
268	51.0299
269	51.8972
270	51.5737
271	51.7569
272	51.5947
273	53.03
274	53.4474
275	53.3431
276	52.77
277	53.2893
278	52.9358
279	52.8001
280	52.6816
281	52.9107
282	52.5836
283	52.5621
284	52.5832
285	52.0299
286	52.3279
287	51.777
288	52.3166
289	51.8894
290	52.116
291	51.4002
292	51.8843
293	51.7119
294	52.443
295	52.0788
296	52.3262
297	52.4036
298	51.9878
299	52.2357
300	52.0306
301	51.4566
302	52.2045
303	51.9664
304	52.2031
305	51.4442
306	52.013
307	52.0775
308	51.6419
309	51.7893
310	51.608
311	51.2242
312	49.5547
313	49.7309
314	49.4906
315	53.0257
316	53.7323
317	53.2221
318	53.4859
319	52.9135
320	52.9858
321	52.809
322	52.2644
323	52.2886
324	51.9344
325	51.9925
326	51.5784
327	51.6214
328	51.3334
329	51.4185
330	50.7148
331	51.246
332	50.4349
333	50.9737
334	50.7324
335	50.7505
336	50.6399
337	50.4859
338	50.4891
339	50.1249
340	50.5597
341	50.4916
342	51.5159
343	51.4812
344	51.3988
345	51.5144
346	51.8884
347	51.2512
348	52.0112
349	51.4467
350	51.7831
351	51.3862
352	50.7876
353	51.4623
354	51.0347
355	51.1959
356	51.2066
357	51.2692
358	51.0313
359	50.4774
360	50.9562
361	50.3025
362	50.8756
363	50.5709
364	50.758
365	50.5433
366	50.6793
367	50.4485
368	50.7063
369	50.2152
370	50.7886
371	50.508
372	50.8126
373	50.5082
374	50.3533
375	50.5066
376	52.597
377	52.3859
378	52.4202
379	52.1319
380	52.2849
381	51.6706
382	51.7506
383	51.439
384	51.775
385	51.5339
386	51.567
387	51.0606
388	51.781
389	51.3546
390	51.4714
391	52.527
392	52.473
393	51.57
394	52.1341
395	51.8722
396	51.5093
397	51.9461
398	51.6058
399	51.6459
400	51.1555
401	51.5203
402	51.204
403	51.3261
404	51.1886
405	51.1693
406	51.1551
407	50.788
408	51.146
409	51.1953
410	51.1251
411	51.3058
412	51.0905
413	51.0122
414	50.5654
415	51.1577
416	50.9881
417	51.209
418	50.8609
419	51.9282
420	52.3342
421	51.9268
422	52.2404
423	52.003
424	52.08
425	51.7484
426	51.7003
427	51.7537
428	51.5112
429	51.4649
430	51.1928
431	51.5335
432	51.6102
433	51.623
434	51.5026
435	51.2831
436	51.3886
437	51.0098
438	50.5304
439	51.3158
440	51.0321
441	51.0155
442	51.2622
443	50.6438
444	51.038
445	51.1135
446	50.9043
447	50.8578
448	50.9102
449	51.0283
450	50.9041
451	50.6873
452	50.7872
453	50.7346
454	50.9132
455	50.5202
456	50.9167
457	50.7793
458	50.6669
459	50.3625
460	50.901
461	51.0108
462	50.6543
463	50.8714
464	50.1604
465	50.5041
466	52.0375
467	51.7169
468	51.6794
469	51.6756
470	50.9355
471	51.4264
472	50.7834
473	51.3067
474	51.2216
475	51.4572
476	51.0319
477	51.041
478	50.9453
479	51.0575
480	52.4537
481	52.9734