  3.894000000000000E-012   1.00000000000000     
  0.250000000000000       0.952100000000000     
  0.500000000000000       0.983600000000000     
  0.750000000000000        1.01400000000000     
   1.00000000000000        1.03700000000000     
   1.50000000000000        1.06700000000000     
   2.00000000000000        1.08000000000000     
   2.50000000000000        1.08500000000000     
   3.00000000000000        1.08400000000000     
   3.50000000000000        1.07700000000000     
   4.00000000000000        1.06600000000000     
   4.50000000000000        1.05100000000000     
   5.00000000000000        1.03400000000000     
   5.50000000000000        1.01800000000000     
   6.00000000000000        1.00100000000000     
   6.50000000000000       0.985900000000000     
   7.00000000000000       0.971800000000000     
   7.50000000000000       0.958800000000000     
   8.00000000000000       0.946600000000000     
   8.50000000000000       0.934900000000000     
   9.00000000000000       0.923400000000000     
   9.50000000000000       0.911800000000000     
   10.0000000000000       0.900100000000000     
   11.0000000000000       0.875800000000000     
   12.0000000000000       0.850500000000000     
   13.0000000000000       0.824700000000000     
   14.0000000000000       0.799100000000000     
   15.0000000000000       0.774200000000000     
   16.0000000000000       0.750400000000000     
   17.0000000000000       0.728000000000000     
   18.0000000000000       0.707000000000000     
   19.0000000000000       0.687600000000000     
   20.0000000000000       0.669600000000000     
  21.  .6531
  22.  .6379
  23.  .6241
  24.  .6115
  25.  .6001
  26.  .5897
  27.  .5803
  28.  .5717
  29.  .564
  30.  .5568
  31.  .5502
  32.  .5441
  33.  .5382
  34.  .5325
  35.  .5269
