This file contains the Beam Energy Values based on the Run # in ./leftruns-2.txt
2.425
2.425
3.606
3.606
3.606
3.606
3.606
3.606
3.606
3.606
3.606
3.606
3.606
3.606
3.606
3.606
3.606
3.606
3.606
3.606
3.606
3.606
3.606
3.606
3.606
3.606
3.606
3.606
3.606
3.606
3.606
3.606
3.606
3.606
3.606
3.606
3.606
3.606
3.606
3.606
3.606
3.606
3.606
3.606
3.606
3.606
3.606
3.606
3.606
3.606
3.606
3.606
3.606
3.606
3.606
3.606
3.606
3.606
3.606
3.606
3.606
3.606
3.606
3.606
3.606
3.606
3.606
3.606
3.606
3.606
3.606
3.606
3.606
3.606
3.606
3.606
3.606
3.606
3.606
3.606
3.606
3.606
3.606
3.606
3.606
3.606
3.606
