This file contains the Number of Events based on the Run # in ./leftruns-2.txt
81060   
281706  
4003155 
4003980 
418448  
726409  
4004964 
2568772 
209917  
269093  
4006831 
4003908 
4006147 
4005254 
4005056 
4005473 
4006464 
4005243 
4005227 
4003583 
4003787 
4003197 
4003475 
4003718 
4005983 
4005581 
4010374 
4002670 
4004384 
4006345 
4003780 
4006972 
4007560 
4010657 
4009538 
4004207 
Run Number 3564 has no end of run file
4003633 
2572995 
4004738 
4006377 
2693231 
2426897 
2499476 
4000307 
4002423 
2018304 
1084530 
2675266 
3129546 
4004343 
4006535 
4009972 
4007197 
4000774 
4001145 
4007966 
4004767 
4005703 
4007768 
4002971 
4008906 
4004737 
378428  
2014554 
4009351 
4006451 
4003903 
4001563 
4005223 
4003181 
4005499 
4003224 
4006237 
4007717 
4005590 
4004915 
4004441 
4004257 
4007712 
4008975 
4009774 
4002962 
4005804 
4009778 
4005124 
1068459 
