This file contains the Beam Energy Values based on the Run # in ./rightruns-2.txt
2.425
2.425
3.606
3.606
3.606
3.606
3.606
Run Number 22402 has no start of run file
3.606
3.606
3.606
3.606
3.606
3.606
3.606
3.606
3.606
3.606
3.606
3.606
3.606
3.606
3.606
3.606
3.606
3.606
3.606
3.606
3.606
3.606
3.606
3.606
3.606
3.606
3.606
3.606
3.606
3.606
3.606
3.606
3.606
3.606
3.606
3.606
3.606
3.606
3.606
3.606
3.606
3.606
3.606
3.606
3.606
3.606
3.606
3.606
3.606
3.606
3.606
3.606
3.606
3.606
3.606
3.606
3.606
3.606
3.606
3.606
3.606
3.606
3.606
3.606
3.606
