This file contains the Number of Events based on the Run # in ./rightruns-2.txt
71956   
Run Number 22389 has no end of run file
1027374 
1025693 
1038425 
1030624 
1039177 
1038017 
1040064 
1027337 
1029792 
1027664 
1032148 
1025576 
1028482 
1031641 
1029773 
1026185 
1027029 
1029143 
1027659 
1025010 
1025851 
1045811 
659049  
1025853 
1026368 
694597  
634547  
651501  
1025633 
1026250 
527477  
171899  
633809  
800259  
1034930 
1034735 
1032248 
1033546 
1032095 
1036263 
1029660 
1029201 
1038204 
1030606 
1034482 
1035612 
1033910 
94113   
514946  
1031068 
1026074 
1027635 
1030591 
1031107 
1028487 
1034990 
1030158 
1033354 
1032201 
1028442 
1029404 
1034842 
1033783 
1030673 
1030795 
1028865 
1032156 
1033028 
1034633 
1030132 
Run Number 22489 has no end of run file
