This file contains the Momentum Values based on the Run # in ./rightruns-2.txt
2.025
2.025
2.025
2.025
3.0855
3.0855
3.0855
Run Number 22402 has no start of run file
3.0855
3.0855
3.0855
3.0855
3.0855
3.0855
3.0855
3.0855
3.0855
3.0855
3.0855
3.0855
3.0855
3.0855
3.0855
3.0855
3.0855
3.0855
3.0855
3.0855
3.0855
3.0855
3.0855
3.0855
3.0855
3.0855
3.0855
3.0855
3.0855
3.0855
3.0855
3.0855
3.0855
3.0855
3.0855
3.0855
3.0855
3.0855
3.0855
3.0855
3.0855
3.0855
3.0855
3.0855
3.0855
3.0855
3.0855
3.0855
3.0855
3.0855
3.0855
3.0855
3.0855
3.0855
3.0855
3.0855
3.0855
3.0855
3.0855
3.0855
3.0855
3.0855
3.0855
3.0855
3.0855
