0.9997443557
0.9975546002
0.9972723126
0.9969595075
0.9966133237
0.9962309003
0.9958090186
0.9953446984
0.9948345423
0.9942754507
0.9936642051
0.9929977059
0.9922731519
0.9914879799
0.9906399846
0.9897274375
0.9887491465
0.9877044559
0.9865934253
0.9854166508
0.9841751456
0.9828703403
0.9815035462
0.9800757170
0.9785867929
0.9770349860
0.9754158854
0.9737212062
0.9719379544
0.9700469375
0.9680213928
0.9658256769
0.9634142518
0.9607303739
0.9577058554
0.9542605877
0.9503030181
0.9457313418
0.9404351711
0.9342983365
0.9272022843
0.9190299511
0.9096707702
0.8990253210
0.8870100975
0.8735623360
0.8586433530
0.8422412872
0.8243725300
0.8050811291
0.7844373584
0.7625341415
0.7394827008
0.7154076099
0.6904407144
0.6647157073
0.6383630037
0.6115050316
0.5842525363
0.5567023754
0.5289355516
0.5010165572
0.4729937613
0.4448995590
0.4167515635
0.3885536790
0.3602970541
0.3319611251
0.3035143018
0.2749144733
0.2461093962
0.2170364857
0.1876228452
0.1577848792
0.1274278164
0.9644520283E-01
0.6471825391E-01
0.3211517259E-01
-0.1509603811E-02
-0.3631626070E-01
-0.7248051465E-01
-0.1101946831
-0.1496688128
-0.1911320537
-0.2348340899
-0.2810469568
-0.3300668001
-0.3822161853
-0.4378464818
-0.4973405302
-0.5611157417
-0.6296274662
-0.7033728361
-0.7828946710
-0.8687864542
-0.9616971612
-1.062337041
-1.171483636
-1.289989114
-1.418787241

