Q2
0.9996685386
0.9970480204
0.9967286587
0.9963797927
0.9959999323
0.9955878854
0.9951428771
0.9946646094
0.9941533208
0.9936103225
0.9930377007
0.9924389124
0.9918190241
0.9911847115
0.9905446172
0.9899097085
0.9892934561
0.9887120128
0.9881842732
0.9877322316
0.9873805046
0.9871567488
0.9870908856
0.9872151613
0.9875631332
0.9881693721
0.9890681505
0.9902926087
0.9918733835
0.9938371778
0.9962051511
0.9989912510
1.002200484
1.005826950
1.009852290
1.014243960
1.018953919
1.023917794
1.029054403
1.034265757
1.039438248
1.044444323
1.049144745
1.053391933
1.057034016
1.059918880
1.061898828
1.062835097
1.062601805
1.061089396
1.058207512
1.053886652
1.048079014
1.040758371
1.031919599
1.021576762
1.009761691
0.9965221882
0.9819200635
0.9660291672
0.9489341974
0.9307290316
0.9115154743
0.8914021254
0.8705030680
0.8489366174
0.8268237710
0.8042866588
0.7814471722
0.7584246397
0.7353345752
0.7122870088
0.6893845797
0.6667219400
0.6443842649
0.6224468350
0.6009747386
0.5800226927
0.5596353412
0.5398478508
0.5206863284
0.5021685362
0.4843051136
0.4670999944
0.4505515397
0.4346533716
0.4193950891
0.4047630727
0.3907411397
0.3773111701
0.3644535244
0.3521476388
0.3403722942
0.3291060030
0.3183272183
0.3080145717
0.2981470823
0.2887042165
0.2796660066
0.2710132003

