#
0.1000000047E-02
0.9999999776E-02
0.1122018415E-01
0.1258925442E-01
0.1412537508E-01
0.1584893279E-01
0.1778279431E-01
0.1995262317E-01
0.2238721214E-01
0.2511886507E-01
0.2818382904E-01
0.3162277862E-01
0.3548134118E-01
0.3981071711E-01
0.4466836154E-01
0.5011872575E-01
0.5623413250E-01
0.6309573352E-01
0.7079458237E-01
0.7943282276E-01
0.8912509680E-01
0.1000000015
0.1122018471
0.1258925498
0.1412537545
0.1584893316
0.1778279543
0.1995262355
0.2238721251
0.2511886656
0.2818382978
0.3162277937
0.3548133969
0.3981072009
0.4466836154
0.5011872649
0.5623413324
0.6309573650
0.7079458237
0.7943282723
0.8912509680
1.000000119
1.122018576
1.258925557
1.412537694
1.584893346
1.778279543
1.995262504
2.238721371
2.511886597
2.818383217
3.162277937
3.548134089
3.981071949
4.466836452
5.011872768
5.623413563
6.309574127
7.079458714
7.943283081
8.912509918
10.00000095
11.22018528
12.58925533
14.12537670
15.84893322
17.78279686
19.95262527
22.38721466
25.11886787
28.18383217
31.62277985
35.48134232
39.81072235
44.66836548
50.11872864
56.23413849
63.09574127
70.79458618
79.43283081
89.12510681
100.0000153
112.2018585
125.8925552
141.2537689
158.4893494
177.8279724
199.5262604
223.8721466
251.1886749
281.8383484
316.2278137
354.8134460
398.1072388
446.6836548
501.1873169
562.3414307
630.9574585
707.9459229
794.3283691

