               0                0
            0.01     0.0051632671
            0.02     0.0095960016
            0.03      0.013456623
            0.04      0.016856462
            0.05      0.019871523
            0.06      0.022562647
            0.07      0.024971624
            0.08      0.027134572
            0.09      0.029077942
             0.1      0.030826822
            0.11      0.032404439
            0.12      0.033826583
            0.13      0.035107185
            0.14      0.036260173
            0.15      0.037299438
            0.16      0.038236312
            0.17      0.039078036
            0.18      0.039831487
            0.19       0.04050354
             0.2      0.041101072
            0.21      0.041630958
            0.22      0.042100015
            0.23      0.042513379
            0.24      0.042874293
            0.25      0.043185904
            0.26      0.043451356
            0.27      0.043673794
            0.28      0.043856363
            0.29      0.044002207
             0.3      0.044114473
            0.31      0.044196305
            0.32      0.044250829
            0.33       0.04428039
            0.34      0.044286248
            0.35      0.044269584
            0.36       0.04423158
            0.37      0.044173418
            0.38      0.044096279
            0.39      0.044001346
             0.4      0.043889798
            0.41      0.043762819
            0.42       0.04362159
            0.43      0.043467292
            0.44      0.043301108
            0.45      0.043124218
            0.46      0.042937804
            0.47      0.042743022
            0.48      0.042540593
            0.49      0.042330895
             0.5      0.042114294
            0.51      0.041891157
            0.52       0.04166185
            0.53      0.041426742
            0.54      0.041186198
            0.55      0.040940584
            0.56      0.040690269
            0.57      0.040435619
            0.58         0.040177
            0.59      0.039914779
             0.6      0.039649323
            0.61      0.039380999
            0.62      0.039110174
            0.63      0.038837214
            0.64      0.038562486
            0.65      0.038286357
            0.66      0.038009194
            0.67      0.037731364
            0.68      0.037453232
            0.69      0.037175133
             0.7      0.036897195
            0.71      0.036619475
            0.72      0.036342029
            0.73      0.036064912
            0.74       0.03578818
            0.75      0.035511889
            0.76      0.035236095
            0.77      0.034960853
            0.78      0.034686219
            0.79      0.034412249
             0.8      0.034138998
            0.81      0.033866523
            0.82      0.033594879
            0.83      0.033324123
            0.84      0.033054309
            0.85      0.032785493
            0.86      0.032517732
            0.87       0.03225108
            0.88      0.031985595
            0.89      0.031721331
             0.9      0.031458344
            0.91      0.031196691
            0.92      0.030936426
            0.93      0.030677606
            0.94      0.030420286
            0.95      0.030164522
            0.96      0.029910371
            0.97      0.029657887
            0.98      0.029407126
            0.99      0.029158145
               1      0.028910998
            1.01      0.028665732
            1.02      0.028422349
            1.03      0.028180842
            1.04      0.027941204
            1.05      0.027703426
            1.06      0.027467503
            1.07      0.027233425
            1.08      0.027001186
            1.09      0.026770779
             1.1      0.026542196
            1.11      0.026315429
            1.12      0.026090471
            1.13      0.025867315
            1.14      0.025645954
            1.15      0.025426379
            1.16      0.025208584
            1.17      0.024992561
            1.18      0.024778302
            1.19      0.024565801
             1.2      0.024355049
            1.21       0.02414604
            1.22      0.023938766
            1.23       0.02373322
            1.24      0.023529393
            1.25       0.02332728
            1.26      0.023126871
            1.27      0.022928161
            1.28      0.022731141
            1.29      0.022535804
             1.3      0.022342143
            1.31       0.02215015
            1.32      0.021959818
            1.33      0.021771139
            1.34      0.021584106
            1.35      0.021398712
            1.36      0.021214949
            1.37      0.021032809
            1.38      0.020852286
            1.39      0.020673372
             1.4      0.020496059
            1.41      0.020320341
            1.42      0.020146209
            1.43      0.019973656
            1.44      0.019802675
            1.45      0.019633258
            1.46      0.019465399
            1.47      0.019299089
            1.48      0.019134319
            1.49       0.01897108
             1.5      0.018809359
            1.51      0.018649145
            1.52      0.018490425
            1.53       0.01833319
            1.54      0.018177427
            1.55      0.018023124
            1.56      0.017870271
            1.57      0.017718855
            1.58      0.017568866
            1.59      0.017420291
             1.6       0.01727312
            1.61       0.01712734
            1.62       0.01698294
            1.63      0.016839909
            1.64      0.016698235
            1.65      0.016557907
            1.66      0.016418913
            1.67      0.016281242
            1.68      0.016144882
            1.69      0.016009822
             1.7      0.015876049
            1.71      0.015743554
            1.72      0.015612323
            1.73      0.015482346
            1.74      0.015353612
            1.75      0.015226108
            1.76      0.015099823
            1.77      0.014974745
            1.78      0.014850864
            1.79      0.014728167
             1.8      0.014606644
            1.81      0.014486282
            1.82       0.01436707
            1.83      0.014248997
            1.84      0.014132051
            1.85      0.014016221
            1.86      0.013901494
            1.87      0.013787861
            1.88      0.013675308
            1.89      0.013563825
             1.9        0.0134534
            1.91      0.013344021
            1.92      0.013235678
            1.93      0.013128358
            1.94       0.01302205
            1.95      0.012916743
            1.96      0.012812425
            1.97      0.012709084
            1.98       0.01260671
            1.99       0.01250529
               2      0.012404813
            2.01      0.012305267
            2.02      0.012206642
            2.03      0.012108925
            2.04      0.012012105
            2.05       0.01191617
            2.06       0.01182111
            2.07      0.011726912
            2.08      0.011633565
            2.09      0.011541058
             2.1      0.011449378
            2.11      0.011358516
            2.12      0.011268458
            2.13      0.011179193
            2.14      0.011090711
            2.15      0.011002999
            2.16      0.010916046
            2.17      0.010829844
            2.18      0.010744389
            2.19      0.010659675
             2.2      0.010575698
            2.21      0.010492452
            2.22      0.010409933
            2.23      0.010328136
            2.24      0.010247057
            2.25      0.010166689
            2.26      0.010087029
            2.27      0.010008071
            2.28      0.009929811
            2.29     0.0098522436
             2.3      0.009775364
            2.31     0.0096991675
            2.32     0.0096236491
            2.33      0.009548804
            2.34     0.0094746272
            2.35      0.009401114
            2.36     0.0093282595
            2.37     0.0092560587
            2.38     0.0091845069
            2.39     0.0091135991
             2.4     0.0090433305
            2.41     0.0089736962
            2.42     0.0089046914
            2.43     0.0088363112
            2.44     0.0087685507
            2.45      0.008701405
            2.46     0.0086348693
            2.47     0.0085689387
            2.48     0.0085036084
            2.49     0.0084388734
             2.5      0.008374729
            2.51     0.0083111701
            2.52     0.0082481921
            2.53     0.0081857899
            2.54     0.0081239588
            2.55     0.0080626939
            2.56     0.0080019902
            2.57      0.007941843
            2.58     0.0078822473
            2.59     0.0078231983
             2.6     0.0077646912
            2.61      0.007706721
            2.62     0.0076492828
            2.63     0.0075923719
            2.64     0.0075359834
            2.65     0.0074801123
            2.66     0.0074247539
            2.67     0.0073699032
            2.68     0.0073155553
            2.69     0.0072617055
             2.7     0.0072083488
            2.71     0.0071554804
            2.72     0.0071030954
            2.73      0.007051189
            2.74     0.0069997562
            2.75     0.0069487922
            2.76     0.0068982921
            2.77     0.0068482511
            2.78     0.0067986643
            2.79     0.0067495268
             2.8     0.0067008338
            2.81     0.0066525803
            2.82     0.0066047616
            2.83     0.0065573728
            2.84     0.0065104089
            2.85     0.0064638651
            2.86     0.0064177366
            2.87     0.0063720185
            2.88     0.0063267059
            2.89     0.0062817939
             2.9     0.0062372777
            2.91     0.0061931524
            2.92     0.0061494131
            2.93     0.0061060551
            2.94     0.0060630733
            2.95     0.0060204629
            2.96     0.0059782192
            2.97     0.0059363371
            2.98     0.0058948118
            2.99     0.0058536385
               3     0.0058128123
            3.01     0.0057723284
            3.02     0.0057321817
            3.03     0.0056923676
            3.04     0.0056528811
            3.05     0.0056137173
            3.06     0.0055748715
            3.07     0.0055363386
            3.08     0.0054981139
            3.09     0.0054601925
             3.1     0.0054225695
            3.11       0.00538524
            3.12     0.0053481992
            3.13     0.0053114422
            3.14     0.0052749641
            3.15     0.0052387601
            3.16     0.0052028253
            3.17     0.0051671551
            3.18     0.0051317471
            3.19     0.0050965999
             3.2     0.0050617121
            3.21     0.0050270823
            3.22     0.0049927093
            3.23     0.0049585915
            3.24     0.0049247277
            3.25     0.0048911164
            3.26     0.0048577563
            3.27     0.0048246461
            3.28     0.0047917843
            3.29     0.0047591696
             3.3     0.0047268005
            3.31     0.0046946759
            3.32     0.0046627941
            3.33      0.004631154
            3.34     0.0045997541
            3.35     0.0045685931
            3.36     0.0045376695
            3.37      0.004506982
            3.38     0.0044765293
            3.39     0.0044463099
             3.4     0.0044163225
            3.41     0.0043865658
            3.42     0.0043570383
            3.43     0.0043277386
            3.44     0.0042986655
            3.45     0.0042698175
            3.46     0.0042411933
            3.47     0.0042127915
            3.48     0.0041846107
            3.49     0.0041566495
             3.5     0.0041289066
            3.51     0.0041013806
            3.52     0.0040740702
            3.53     0.0040469739
            3.54     0.0040200904
            3.55     0.0039934183
            3.56     0.0039669563
            3.57      0.003940703
            3.58     0.0039146569
            3.59     0.0038888168
             3.6     0.0038631813
            3.61     0.0038377489
            3.62     0.0038125184
            3.63     0.0037874883
            3.64     0.0037626573
            3.65      0.003738024
            3.66      0.003713587
            3.67      0.003689345
            3.68     0.0036652966
            3.69     0.0036414404
             3.7     0.0036177751
            3.71     0.0035942992
            3.72     0.0035710114
            3.73     0.0035479104
            3.74     0.0035249947
            3.75      0.003502263
            3.76      0.003479714
            3.77     0.0034573461
            3.78     0.0034351582
            3.79     0.0034131488
             3.8     0.0033913165
            3.81     0.0033696599
            3.82     0.0033481778
            3.83     0.0033268686
            3.84     0.0033057311
            3.85     0.0032847639
            3.86     0.0032639656
            3.87     0.0032433348
            3.88     0.0032228702
            3.89     0.0032025704
             3.9      0.003182434
            3.91     0.0031624596
            3.92      0.003142646
            3.93     0.0031229916
            3.94     0.0031034951
            3.95     0.0030841552
            3.96     0.0030649705
            3.97     0.0030459397
            3.98     0.0030270612
            3.99     0.0030083339
               4     0.0029897562
            4.01     0.0029713269
            4.02     0.0029530445
            4.03     0.0029349077
            4.04     0.0029169152
            4.05     0.0028990655
            4.06     0.0028813572
            4.07     0.0028637891
            4.08     0.0028463597
            4.09     0.0028290676
             4.1     0.0028119116
            4.11     0.0027948901
            4.12     0.0027780019
            4.13     0.0027612456
            4.14     0.0027446198
            4.15     0.0027281231
            4.16     0.0027117542
            4.17     0.0026955116
            4.18     0.0026793941
            4.19     0.0026634002
             4.2     0.0026475286
            4.21     0.0026317779
            4.22     0.0026161468
            4.23     0.0026006337
            4.24     0.0025852375
            4.25     0.0025699567
            4.26       0.00255479
            4.27     0.0025397359
            4.28     0.0025247931
            4.29     0.0025099602
             4.3     0.0024952359
            4.31     0.0024806188
            4.32     0.0024661075
            4.33     0.0024517006
            4.34     0.0024373969
            4.35     0.0024231948
            4.36      0.002409093
            4.37     0.0023950902
            4.38      0.002381185
            4.39     0.0023673761
             4.4     0.0023536619
            4.41     0.0023400412
            4.42     0.0023265127
            4.43     0.0023130748
            4.44     0.0022997263
            4.45     0.0022864658
            4.46      0.002273292
            4.47     0.0022602033
            4.48     0.0022471986
            4.49     0.0022342763
             4.5     0.0022214352
            4.51     0.0022086738
            4.52     0.0021959908
            4.53     0.0021833848
            4.54     0.0021708545
            4.55     0.0021583984
            4.56     0.0021460152
            4.57     0.0021337036
            4.58     0.0021214621
            4.59     0.0021092894
             4.6     0.0020971842
            4.61     0.0020851449
            4.62     0.0020731704
            4.63     0.0020612591
            4.64     0.0020494098
            4.65     0.0020376211
            4.66     0.0020258927
            4.67     0.0020142243
            4.68      0.002002616
            4.69     0.0019910674
             4.7     0.0019795786
            4.71     0.0019681494
            4.72     0.0019567795
            4.73      0.001945469
            4.74     0.0019342177
            4.75     0.0019230254
            4.76      0.001911892
            4.77     0.0019008174
            4.78     0.0018898014
            4.79      0.001878844
             4.8     0.0018679449
            4.81     0.0018571041
            4.82     0.0018463214
            4.83     0.0018355967
            4.84     0.0018249299
            4.85     0.0018143208
            4.86     0.0018037693
            4.87     0.0017932752
            4.88     0.0017828385
            4.89      0.001772459
             4.9     0.0017621365
            4.91      0.001751871
            4.92     0.0017416623
            4.93     0.0017315102
            4.94     0.0017214147
            4.95     0.0017113756
            4.96     0.0017013928
            4.97     0.0016914661
            4.98     0.0016815955
            4.99     0.0016717807
               5     0.0016620217
            5.01     0.0016523183
            5.02     0.0016426704
            5.03     0.0016330778
            5.04     0.0016235405
            5.05     0.0016140583
            5.06      0.001604631
            5.07     0.0015952585
            5.08     0.0015859408
            5.09     0.0015766776
             5.1     0.0015674688
            5.11     0.0015583144
            5.12     0.0015492141
            5.13     0.0015401679
            5.14     0.0015311755
            5.15      0.001522237
            5.16     0.0015133521
            5.17     0.0015045206
            5.18     0.0014957426
            5.19     0.0014870179
             5.2     0.0014783462
            5.21     0.0014697275
            5.22     0.0014611617
            5.23     0.0014526486
            5.24     0.0014441881
            5.25     0.0014357801
            5.26     0.0014274244
            5.27     0.0014191208
            5.28     0.0014108694
            5.29     0.0014026699
             5.3     0.0013945221
            5.31     0.0013864261
            5.32     0.0013783816
            5.33     0.0013703884
            5.34     0.0013624466
            5.35     0.0013545559
            5.36     0.0013467162
            5.37     0.0013389274
            5.38     0.0013311894
            5.39     0.0013235019
             5.4     0.0013158649
            5.41     0.0013082783
            5.42     0.0013007419
            5.43     0.0012932556
            5.44     0.0012858193
            5.45     0.0012784328
            5.46      0.001271096
            5.47     0.0012638087
            5.48     0.0012565709
            5.49     0.0012493823
             5.5      0.001242243
            5.51     0.0012351526
            5.52     0.0012281112
            5.53     0.0012211185
            5.54     0.0012141745
            5.55      0.001207279
            5.56     0.0012004319
            5.57      0.001193633
            5.58     0.0011868822
            5.59     0.0011801794
             5.6     0.0011735245
            5.61     0.0011669173
            5.62     0.0011603576
            5.63     0.0011538454
            5.64     0.0011473806
            5.65     0.0011409629
            5.66     0.0011345923
            5.67     0.0011282686
            5.68     0.0011219917
            5.69     0.0011157615
             5.7     0.0011095778
            5.71     0.0011034405
            5.72     0.0010973495
            5.73     0.0010913047
            5.74     0.0010853058
            5.75     0.0010793528
            5.76     0.0010734455
            5.77     0.0010675839
            5.78     0.0010617677
            5.79     0.0010559969
             5.8     0.0010502713
            5.81     0.0010445908
            5.82     0.0010389553
            5.83     0.0010333645
            5.84     0.0010278185
            5.85      0.001022317
            5.86     0.0010168599
            5.87     0.0010114472
            5.88     0.0010060785
            5.89      0.001000754
             5.9     0.0009954733
            5.91    0.00099023639
            5.92    0.00098504312
            5.93    0.00097989335
            5.94    0.00097478696
            5.95    0.00096972381
            5.96    0.00096470376
            5.97     0.0009597267
            5.98    0.00095479248
            5.99    0.00094990097
               6    0.00094505205
            6.01    0.00094024558
            6.02    0.00093548142
            6.03    0.00093075946
            6.04    0.00092607955
            6.05    0.00092144157
            6.06    0.00091684537
            6.07    0.00091229084
            6.08    0.00090777784
            6.09    0.00090330624
             6.1     0.0008988759
            6.11    0.00089448669
            6.12    0.00089013849
            6.13    0.00088583116
            6.14    0.00088156457
            6.15    0.00087733858
            6.16    0.00087315308
            6.17    0.00086900791
            6.18    0.00086490296
            6.19    0.00086083809
             6.2    0.00085681316
            6.21    0.00085282806
            6.22    0.00084888264
            6.23    0.00084497677
            6.24    0.00084111033
            6.25    0.00083728318
            6.26    0.00083349518
            6.27    0.00082974622
            6.28    0.00082603615
            6.29    0.00082236484
             6.3    0.00081873217
            6.31    0.00081513799
            6.32    0.00081158219
            6.33    0.00080806462
            6.34    0.00080458516
            6.35    0.00080114367
            6.36    0.00079774002
            6.37    0.00079437408
            6.38    0.00079104573
            6.39    0.00078775481
             6.4    0.00078450122
            6.41    0.00078128481
            6.42    0.00077810545
            6.43    0.00077496301
            6.44    0.00077185736
            6.45    0.00076878836
            6.46     0.0007657559
            6.47    0.00076275982
            6.48    0.00075980001
            6.49    0.00075687633
             6.5    0.00075398864
            6.51    0.00075113682
            6.52    0.00074832074
            6.53    0.00074554026
            6.54    0.00074279526
            6.55    0.00074008559
            6.56    0.00073741113
            6.57    0.00073477175
            6.58    0.00073216731
            6.59    0.00072959769
             6.6    0.00072706275
            6.61    0.00072456236
            6.62    0.00072209639
            6.63     0.0007196647
            6.64    0.00071726717
            6.65    0.00071490366
            6.66    0.00071257405
            6.67    0.00071027819
            6.68    0.00070801596
            6.69    0.00070578723
             6.7    0.00070359186
            6.71    0.00070142973
            6.72     0.0006993007
            6.73    0.00069720464
            6.74    0.00069514141
            6.75     0.0006931109
            6.76    0.00069111295
            6.77    0.00068914745
            6.78    0.00068721427
            6.79    0.00068531326
             6.8     0.0006834443
            6.81    0.00068160725
            6.82    0.00067980199
            6.83    0.00067802826
            6.84    0.00067628581
            6.85    0.00067457433
            6.86    0.00067289356
            6.87     0.0006712432
            6.88    0.00066962298
            6.89    0.00066803262
             6.9    0.00066647182
            6.91    0.00066494032
            6.92    0.00066343782
            6.93    0.00066196405
            6.94    0.00066051873
            6.95    0.00065910156
            6.96    0.00065771228
            6.97    0.00065635059
            6.98    0.00065501622
            6.99    0.00065370888
               7     0.0006524283
            7.01    0.00065117418
            7.02    0.00064994625
            7.03    0.00064874423
            7.04    0.00064756783
            7.05    0.00064641677
            7.06    0.00064529077
            7.07    0.00064418954
            7.08    0.00064311282
            7.09     0.0006420603
             7.1    0.00064103172
            7.11    0.00064002678
            7.12    0.00063904521
            7.13    0.00063808673
            7.14    0.00063715105
            7.15    0.00063623788
            7.16    0.00063534696
            7.17      0.000634478
            7.18     0.0006336307
            7.19     0.0006328048
             7.2    0.00063200002
            7.21    0.00063121606
            7.22    0.00063045264
            7.23    0.00062970949
            7.24    0.00062898632
            7.25    0.00062828285
            7.26     0.0006275988
            7.27    0.00062693389
            7.28    0.00062628782
            7.29    0.00062566034
             7.3    0.00062505114
            7.31    0.00062445994
            7.32    0.00062388648
            7.33    0.00062333045
            7.34    0.00062279159
            7.35    0.00062226961
            7.36    0.00062176422
            7.37    0.00062127515
            7.38    0.00062080211
            7.39    0.00062034483
             7.4    0.00061990301
            7.41    0.00061947638
            7.42    0.00061906466
            7.43    0.00061866755
            7.44    0.00061828479
            7.45    0.00061791609
            7.46    0.00061756116
            7.47    0.00061721973
            7.48    0.00061689151
            7.49    0.00061657622
             7.5    0.00061627358
            7.51    0.00061598331
            7.52    0.00061570512
            7.53    0.00061543873
            7.54    0.00061518386
            7.55    0.00061494023
            7.56    0.00061470756
            7.57    0.00061448556
            7.58    0.00061427395
            7.59    0.00061407245
             7.6    0.00061388078
            7.61    0.00061369866
            7.62     0.0006135258
            7.63    0.00061336192
            7.64    0.00061320674
            7.65    0.00061305998
            7.66    0.00061292135
            7.67    0.00061279058
            7.68    0.00061266737
            7.69    0.00061255146
             7.7    0.00061244256
            7.71    0.00061234037
            7.72    0.00061224464
            7.73    0.00061215506
            7.74    0.00061207136
            7.75    0.00061199326
            7.76    0.00061192047
            7.77    0.00061185272
            7.78    0.00061178972
            7.79    0.00061173118
             7.8    0.00061167683
            7.81    0.00061162639
            7.82    0.00061157957
            7.83    0.00061153609
            7.84    0.00061149567
            7.85    0.00061145802
            7.86    0.00061142287
            7.87    0.00061138993
            7.88    0.00061135892
            7.89    0.00061132955
             7.9    0.00061130156
            7.91    0.00061127464
            7.92    0.00061124853
            7.93    0.00061122294
            7.94    0.00061119759
            7.95    0.00061117219
            7.96    0.00061114647
            7.97    0.00061112013
            7.98    0.00061109291
            7.99    0.00061106451
               8    0.00061103466
            8.01    0.00061100308
            8.02    0.00061096947
            8.03    0.00061093356
            8.04    0.00061089507
            8.05    0.00061085371
            8.06    0.00061080921
            8.07    0.00061076128
            8.08    0.00061070964
            8.09      0.000610654
             8.1    0.00061059409
            8.11    0.00061052962
            8.12    0.00061046031
            8.13    0.00061038588
            8.14    0.00061030605
            8.15    0.00061022053
            8.16    0.00061012904
            8.17     0.0006100313
            8.18    0.00060992703
            8.19    0.00060981595
             8.2    0.00060969777
            8.21    0.00060957222
            8.22      0.000609439
            8.23    0.00060929784
            8.24    0.00060914846
            8.25    0.00060899057
            8.26    0.00060882389
            8.27    0.00060864814
            8.28    0.00060846304
            8.29     0.0006082683
             8.3    0.00060806365
            8.31     0.0006078488
            8.32    0.00060762347
            8.33    0.00060738737
            8.34    0.00060714023
            8.35    0.00060688177
            8.36    0.00060661169
            8.37    0.00060632973
            8.38    0.00060603559
            8.39    0.00060572899
             8.4    0.00060540966
            8.41    0.00060507731
            8.42    0.00060473166
            8.43    0.00060437242
            8.44    0.00060399932
            8.45    0.00060361207
            8.46    0.00060321039
            8.47      0.000602794
            8.48    0.00060236262
            8.49    0.00060191596
             8.5    0.00060145374
            8.51    0.00060097569
            8.52    0.00060048151
            8.53    0.00059997092
            8.54    0.00059944365
            8.55    0.00059889942
            8.56    0.00059833793
            8.57    0.00059775891
            8.58    0.00059716207
            8.59    0.00059654714
             8.6    0.00059591383
            8.61    0.00059526186
            8.62    0.00059459095
            8.63    0.00059390081
            8.64    0.00059319117
            8.65    0.00059246174
            8.66    0.00059171223
            8.67    0.00059094238
            8.68    0.00059015189
            8.69    0.00058934048
             8.7    0.00058850787
            8.71    0.00058765378
            8.72    0.00058677793
            8.73    0.00058588003
            8.74    0.00058495981
            8.75    0.00058401697
            8.76    0.00058305125
            8.77    0.00058206235
            8.78    0.00058104999
            8.79     0.0005800139
             8.8    0.00057895379
            8.81    0.00057786937
            8.82    0.00057676038
            8.83    0.00057562651
            8.84     0.0005744675
            8.85    0.00057328306
            8.86    0.00057207291
            8.87    0.00057083676
            8.88    0.00056957433
            8.89    0.00056828535
             8.9    0.00056696953
            8.91    0.00056562658
            8.92    0.00056425623
            8.93     0.0005628582
            8.94    0.00056143219
            8.95    0.00055997794
            8.96    0.00055849515
            8.97    0.00055698355
            8.98    0.00055544285
            8.99    0.00055387277
               9    0.00055227303
            9.01    0.00055064334
            9.02    0.00054898344
            9.03    0.00054729302
            9.04    0.00054557182
            9.05    0.00054381954
            9.06    0.00054203591
            9.07    0.00054022065
            9.08    0.00053837347
            9.09    0.00053649408
             9.1    0.00053458222
            9.11     0.0005326376
            9.12    0.00053065992
            9.13    0.00052864892
            9.14    0.00052660431
            9.15    0.00052452581
            9.16    0.00052241313
            9.17      0.000520266
            9.18    0.00051808413
            9.19    0.00051586724
             9.2    0.00051361505
            9.21    0.00051132727
            9.22    0.00050900363
            9.23    0.00050664384
            9.24    0.00050424762
            9.25    0.00050181468
            9.26    0.00049934475
            9.27    0.00049683755
            9.28    0.00049429278
            9.29    0.00049171018
             9.3    0.00048908945
            9.31    0.00048643032
            9.32     0.0004837325
            9.33    0.00048099571
            9.34    0.00047821967
            9.35     0.0004754041
            9.36    0.00047254871
            9.37    0.00046965322
            9.38    0.00046671736
            9.39    0.00046374083
             9.4    0.00046072336
            9.41    0.00045766466
            9.42    0.00045456446
            9.43    0.00045142247
            9.44     0.0004482384
            9.45    0.00044501199
            9.46    0.00044174293
            9.47    0.00043843096
            9.48    0.00043507579
            9.49    0.00043167713
             9.5    0.00042823472
            9.51    0.00042474825
            9.52    0.00042121746
            9.53    0.00041764206
            9.54    0.00041402176
            9.55    0.00041035629
            9.56    0.00040664537
            9.57     0.0004028887
            9.58    0.00039908602
            9.59    0.00039523703
             9.6    0.00039134146
            9.61    0.00038739902
            9.62    0.00038340943
            9.63    0.00037937241
            9.64    0.00037528768
            9.65    0.00037115495
            9.66    0.00036697395
            9.67    0.00036274438
            9.68    0.00035846598
            9.69    0.00035413845
             9.7    0.00034976152
            9.71     0.0003453349
            9.72    0.00034085831
            9.73    0.00033633147
            9.74    0.00033175409
            9.75     0.0003271259
            9.76    0.00032244661
            9.77    0.00031771594
            9.78    0.00031293361
            9.79    0.00030809934
             9.8    0.00030321284
            9.81    0.00029827383
            9.82    0.00029328203
            9.83    0.00028823716
            9.84    0.00028313894
            9.85    0.00027798708
            9.86     0.0002727813
            9.87    0.00026752132
            9.88    0.00026220686
            9.89    0.00025683763
             9.9    0.00025141336
            9.91    0.00024593376
            9.92    0.00024039854
            9.93    0.00023480744
            9.94    0.00022916016
            9.95    0.00022345642
            9.96    0.00021769595
            9.97    0.00021187845
            9.98    0.00020600365
            9.99    0.00020007126
              10    0.00019408101
