               0                1
            0.01         0.988247
            0.02       0.98037847
            0.03       0.97447271
            0.04       0.96987939
            0.05        0.9662527
            0.06        0.9633221
            0.07       0.96096867
            0.08       0.95909482
            0.09       0.95762481
             0.1         0.956486
            0.11       0.95561314
            0.12       0.95497064
            0.13        0.9545303
            0.14       0.95426394
            0.15       0.95414346
            0.16       0.95414669
            0.17       0.95426091
            0.18       0.95447425
            0.19       0.95477484
             0.2       0.95515082
            0.21       0.95559032
            0.22       0.95608157
            0.23       0.95661599
            0.24       0.95718853
            0.25       0.95779431
            0.26       0.95842849
            0.27        0.9590862
            0.28       0.95976258
            0.29       0.96045276
             0.3        0.9611519
            0.31       0.96185512
            0.32        0.9625576
            0.33       0.96325612
            0.34        0.9639497
            0.35       0.96463748
            0.36       0.96531864
            0.37       0.96599234
            0.38       0.96665774
            0.39       0.96731401
             0.4       0.96796031
            0.41       0.96859581
            0.42       0.96921966
            0.43       0.96983105
            0.44       0.97042912
            0.45       0.97101304
            0.46       0.97158199
            0.47       0.97213513
            0.48       0.97267198
            0.49       0.97319228
             0.5        0.9736958
            0.51       0.97418231
            0.52       0.97465156
            0.53       0.97510332
            0.54       0.97553734
            0.55        0.9759534
            0.56       0.97635125
            0.57       0.97673065
            0.58       0.97709137
            0.59       0.97743317
             0.6       0.97775582
            0.61       0.97805907
            0.62       0.97834268
            0.63       0.97860643
            0.64       0.97885007
            0.65       0.97907336
            0.66       0.97927606
            0.67       0.97945795
            0.68       0.97961877
            0.69       0.97975835
             0.7       0.97987678
            0.71        0.9799743
            0.72       0.98005111
            0.73       0.98010742
            0.74       0.98014346
            0.75       0.98015945
            0.76       0.98015559
            0.77       0.98013211
            0.78       0.98008921
            0.79       0.98002713
             0.8       0.97994607
            0.81       0.97984625
            0.82       0.97972788
            0.83       0.97959119
            0.84       0.97943639
            0.85       0.97926369
            0.86       0.97907332
            0.87       0.97886548
            0.88        0.9786404
            0.89       0.97839829
             0.9       0.97813936
            0.91       0.97786384
            0.92       0.97757194
            0.93       0.97726387
            0.94       0.97693986
            0.95       0.97660012
            0.96       0.97624486
            0.97        0.9758743
            0.98       0.97548866
            0.99       0.97508815
               1         0.974673
            1.01       0.97424341
            1.02       0.97379959
            1.03       0.97334175
            1.04        0.9728701
            1.05       0.97238483
            1.06       0.97188615
            1.07       0.97137428
            1.08       0.97084941
            1.09       0.97031174
             1.1        0.9697615
            1.11       0.96919887
            1.12       0.96862407
            1.13        0.9680373
            1.14       0.96743877
            1.15       0.96682868
            1.16       0.96620723
            1.17       0.96557464
            1.18        0.9649311
            1.19       0.96427683
             1.2       0.96361203
            1.21        0.9629369
            1.22       0.96225165
            1.23       0.96155649
            1.24       0.96085161
            1.25       0.96013723
            1.26       0.95941355
            1.27       0.95868078
            1.28       0.95793911
            1.29       0.95718877
             1.3       0.95642994
            1.31       0.95566285
            1.32       0.95488768
            1.33       0.95410465
            1.34       0.95331397
            1.35       0.95251584
            1.36       0.95171046
            1.37       0.95089803
            1.38       0.95007878
            1.39       0.94925289
             1.4       0.94842058
            1.41       0.94758205
            1.42        0.9467375
            1.43       0.94588715
            1.44       0.94503119
            1.45       0.94416984
            1.46       0.94330329
            1.47       0.94243176
            1.48       0.94155539
            1.49       0.94067427
             1.5       0.93978842
            1.51       0.93889791
            1.52       0.93800279
            1.53        0.9371031
            1.54        0.9361989
            1.55       0.93529024
            1.56       0.93437717
            1.57       0.93345973
            1.58       0.93253798
            1.59       0.93161197
             1.6       0.93068175
            1.61       0.92974736
            1.62       0.92880887
            1.63       0.92786632
            1.64       0.92691976
            1.65       0.92596924
            1.66       0.92501481
            1.67       0.92405652
            1.68       0.92309443
            1.69       0.92212858
             1.7       0.92115902
            1.71       0.92018581
            1.72       0.91920899
            1.73       0.91822862
            1.74       0.91724474
            1.75        0.9162574
            1.76       0.91526666
            1.77       0.91427257
            1.78       0.91327518
            1.79       0.91227453
             1.8       0.91127068
            1.81       0.91026368
            1.82       0.90925358
            1.83       0.90824042
            1.84       0.90722427
            1.85       0.90620516
            1.86       0.90518316
            1.87        0.9041583
            1.88       0.90313065
            1.89       0.90210025
             1.9       0.90106715
            1.91        0.9000314
            1.92       0.89899306
            1.93       0.89795216
            1.94       0.89690878
            1.95       0.89586294
            1.96       0.89481471
            1.97       0.89376414
            1.98       0.89271127
            1.99       0.89165616
               2       0.89059885
            2.01        0.8895394
            2.02       0.88847785
            2.03       0.88741427
            2.04       0.88634869
            2.05       0.88528117
            2.06       0.88421176
            2.07       0.88314051
            2.08       0.88206747
            2.09       0.88099268
             2.1       0.87991621
            2.11        0.8788381
            2.12        0.8777584
            2.13       0.87667716
            2.14       0.87559444
            2.15       0.87451027
            2.16       0.87342472
            2.17       0.87233782
            2.18       0.87124959
            2.19       0.87016006
             2.2       0.86906925
            2.21       0.86797719
            2.22       0.86688391
            2.23       0.86578942
            2.24       0.86469375
            2.25       0.86359692
            2.26       0.86249897
            2.27       0.86139992
            2.28       0.86029978
            2.29       0.85919859
             2.3       0.85809636
            2.31       0.85699313
            2.32       0.85588892
            2.33       0.85478375
            2.34       0.85367765
            2.35       0.85257065
            2.36       0.85146275
            2.37       0.85035401
            2.38       0.84924442
            2.39       0.84813403
             2.4       0.84702285
            2.41       0.84591092
            2.42       0.84479824
            2.43       0.84368486
            2.44       0.84257079
            2.45       0.84145606
            2.46       0.84034069
            2.47       0.83922472
            2.48       0.83810815
            2.49       0.83699102
             2.5       0.83587335
            2.51       0.83475517
            2.52        0.8336365
            2.53       0.83251736
            2.54       0.83139779
            2.55        0.8302778
            2.56       0.82915742
            2.57       0.82803667
            2.58       0.82691558
            2.59       0.82579418
             2.6       0.82467248
            2.61       0.82355052
            2.62       0.82242831
            2.63       0.82130588
            2.64       0.82018326
            2.65       0.81906048
            2.66       0.81793754
            2.67       0.81681449
            2.68       0.81569135
            2.69       0.81456813
             2.7       0.81344487
            2.71       0.81232158
            2.72        0.8111983
            2.73       0.81007505
            2.74       0.80895185
            2.75       0.80782873
            2.76        0.8067057
            2.77       0.80558281
            2.78       0.80446007
            2.79        0.8033375
             2.8       0.80221513
            2.81       0.80109299
            2.82        0.7999711
            2.83       0.79884948
            2.84       0.79772816
            2.85       0.79660717
            2.86       0.79548652
            2.87       0.79436624
            2.88       0.79324637
            2.89       0.79212691
             2.9        0.7910079
            2.91       0.78988937
            2.92       0.78877133
            2.93       0.78765381
            2.94       0.78653683
            2.95       0.78542042
            2.96       0.78430461
            2.97       0.78318942
            2.98       0.78207487
            2.99       0.78096099
               3       0.77984781
            3.01       0.77873534
            3.02       0.77762361
            3.03       0.77651265
            3.04       0.77540248
            3.05       0.77429313
            3.06       0.77318461
            3.07       0.77207697
            3.08       0.77097021
            3.09       0.76986437
             3.1       0.76875946
            3.11       0.76765552
            3.12       0.76655257
            3.13       0.76545063
            3.14       0.76434973
            3.15       0.76324989
            3.16       0.76215114
            3.17        0.7610535
            3.18       0.75995698
            3.19       0.75886158
             3.2       0.75776731
            3.21       0.75667416
            3.22       0.75558215
            3.23       0.75449128
            3.24       0.75340154
            3.25       0.75231295
            3.26        0.7512255
            3.27       0.75013921
            3.28       0.74905406
            3.29       0.74797007
             3.3       0.74688724
            3.31       0.74580557
            3.32       0.74472507
            3.33       0.74364574
            3.34       0.74256758
            3.35       0.74149059
            3.36       0.74041478
            3.37       0.73934016
            3.38       0.73826672
            3.39       0.73719447
             3.4       0.73612341
            3.41       0.73505354
            3.42       0.73398488
            3.43       0.73291741
            3.44       0.73185115
            3.45        0.7307861
            3.46       0.72972226
            3.47       0.72865963
            3.48       0.72759823
            3.49       0.72653804
             3.5       0.72547908
            3.51       0.72442135
            3.52       0.72336484
            3.53       0.72230958
            3.54       0.72125554
            3.55       0.72020276
            3.56       0.71915121
            3.57       0.71810091
            3.58       0.71705187
            3.59       0.71600407
             3.6       0.71495754
            3.61       0.71391226
            3.62       0.71286825
            3.63       0.71182551
            3.64       0.71078404
            3.65       0.70974384
            3.66       0.70870491
            3.67       0.70766727
            3.68       0.70663091
            3.69       0.70559584
             3.7       0.70456206
            3.71       0.70352957
            3.72       0.70249838
            3.73       0.70146849
            3.74        0.7004399
            3.75       0.69941262
            3.76       0.69838665
            3.77       0.69736199
            3.78       0.69633865
            3.79       0.69531663
             3.8       0.69429593
            3.81       0.69327655
            3.82       0.69225851
            3.83        0.6912418
            3.84       0.69022642
            3.85       0.68921239
            3.86       0.68819969
            3.87       0.68718835
            3.88       0.68617835
            3.89        0.6851697
             3.9       0.68416241
            3.91       0.68315648
            3.92       0.68215191
            3.93       0.68114871
            3.94       0.68014688
            3.95       0.67914641
            3.96       0.67814733
            3.97       0.67714962
            3.98       0.67615329
            3.99       0.67515835
               4        0.6741648
            4.01       0.67317264
            4.02       0.67218187
            4.03       0.67119251
            4.04       0.67020454
            4.05       0.66921798
            4.06       0.66823283
            4.07       0.66724908
            4.08       0.66626676
            4.09       0.66528585
             4.1       0.66430636
            4.11        0.6633283
            4.12       0.66235167
            4.13       0.66137646
            4.14       0.66040269
            4.15       0.65943036
            4.16       0.65845947
            4.17       0.65749002
            4.18       0.65652202
            4.19       0.65555548
             4.2       0.65459038
            4.21       0.65362674
            4.22       0.65266457
            4.23       0.65170386
            4.24       0.65074461
            4.25       0.64978684
            4.26       0.64883054
            4.27       0.64787571
            4.28       0.64692237
            4.29       0.64597051
             4.3       0.64502013
            4.31       0.64407125
            4.32       0.64312386
            4.33       0.64217797
            4.34       0.64123358
            4.35       0.64029069
            4.36        0.6393493
            4.37       0.63840943
            4.38       0.63747107
            4.39       0.63653422
             4.4        0.6355989
            4.41        0.6346651
            4.42       0.63373282
            4.43       0.63280208
            4.44       0.63187286
            4.45       0.63094519
            4.46       0.63001905
            4.47       0.62909445
            4.48        0.6281714
            4.49        0.6272499
             4.5       0.62632996
            4.51       0.62541156
            4.52       0.62449473
            4.53       0.62357946
            4.54       0.62266575
            4.55       0.62175362
            4.56       0.62084305
            4.57       0.61993406
            4.58       0.61902665
            4.59       0.61812082
             4.6       0.61721658
            4.61       0.61631393
            4.62       0.61541286
            4.63       0.61451339
            4.64       0.61361552
            4.65       0.61271926
            4.66       0.61182459
            4.67       0.61093151
            4.68       0.61004004
            4.69       0.60915015
             4.7       0.60826186
            4.71       0.60737515
            4.72       0.60649003
            4.73       0.60560649
            4.74       0.60472453
            4.75       0.60384414
            4.76       0.60296533
            4.77        0.6020881
            4.78       0.60121243
            4.79       0.60033833
             4.8       0.59946579
            4.81       0.59859481
            4.82        0.5977254
            4.83       0.59685754
            4.84       0.59599123
            4.85       0.59512647
            4.86       0.59426327
            4.87       0.59340161
            4.88        0.5925415
            4.89       0.59168292
             4.9       0.59082589
            4.91       0.58997039
            4.92       0.58911642
            4.93       0.58826399
            4.94       0.58741308
            4.95        0.5865637
            4.96       0.58571584
            4.97       0.58486951
            4.98       0.58402469
            4.99       0.58318139
               5        0.5823396
            5.01       0.58149932
            5.02       0.58066055
            5.03       0.57982329
            5.04       0.57898753
            5.05       0.57815327
            5.06       0.57732051
            5.07       0.57648924
            5.08       0.57565947
            5.09       0.57483118
             5.1       0.57400438
            5.11       0.57317907
            5.12       0.57235525
            5.13        0.5715329
            5.14       0.57071203
            5.15       0.56989263
            5.16       0.56907471
            5.17       0.56825825
            5.18       0.56744327
            5.19       0.56662974
             5.2       0.56581768
            5.21       0.56500708
            5.22       0.56419794
            5.23       0.56339025
            5.24       0.56258402
            5.25       0.56177923
            5.26       0.56097589
            5.27       0.56017399
            5.28       0.55937354
            5.29       0.55857453
             5.3       0.55777695
            5.31        0.5569808
            5.32       0.55618609
            5.33       0.55539281
            5.34       0.55460095
            5.35       0.55381052
            5.36       0.55302151
            5.37       0.55223391
            5.38       0.55144774
            5.39       0.55066298
             5.4       0.54987962
            5.41       0.54909768
            5.42       0.54831714
            5.43       0.54753801
            5.44       0.54676028
            5.45       0.54598395
            5.46       0.54520901
            5.47       0.54443546
            5.48       0.54366331
            5.49       0.54289254
             5.5       0.54212316
            5.51       0.54135517
            5.52       0.54058855
            5.53       0.53982331
            5.54       0.53905945
            5.55       0.53829696
            5.56       0.53753584
            5.57       0.53677609
            5.58        0.5360177
            5.59       0.53526068
             5.6       0.53450501
            5.61       0.53375071
            5.62       0.53299776
            5.63       0.53224616
            5.64       0.53149591
            5.65       0.53074701
            5.66       0.52999945
            5.67       0.52925324
            5.68       0.52850836
            5.69       0.52776483
             5.7       0.52702262
            5.71       0.52628175
            5.72       0.52554221
            5.73         0.524804
            5.74       0.52406711
            5.75       0.52333154
            5.76       0.52259729
            5.77       0.52186436
            5.78       0.52113275
            5.79       0.52040244
             5.8       0.51967344
            5.81       0.51894575
            5.82       0.51821937
            5.83       0.51749428
            5.84        0.5167705
            5.85       0.51604801
            5.86       0.51532681
            5.87       0.51460691
            5.88        0.5138883
            5.89       0.51317097
             5.9       0.51245492
            5.91       0.51174016
            5.92       0.51102667
            5.93       0.51031446
            5.94       0.50960352
            5.95       0.50889386
            5.96       0.50818546
            5.97       0.50747833
            5.98       0.50677246
            5.99       0.50606785
               6        0.5053645
            6.01       0.50466241
            6.02       0.50396157
            6.03       0.50326198
            6.04       0.50256364
            6.05       0.50186654
            6.06       0.50117069
            6.07       0.50047607
            6.08       0.49978269
            6.09       0.49909055
             6.1       0.49839964
            6.11       0.49770997
            6.12       0.49702151
            6.13       0.49633429
            6.14       0.49564828
            6.15        0.4949635
            6.16       0.49427993
            6.17       0.49359758
            6.18       0.49291644
            6.19       0.49223651
             6.2       0.49155779
            6.21       0.49088027
            6.22       0.49020395
            6.23       0.48952884
            6.24       0.48885491
            6.25       0.48818219
            6.26       0.48751065
            6.27       0.48684031
            6.28       0.48617115
            6.29       0.48550318
             6.3       0.48483638
            6.31       0.48417077
            6.32       0.48350633
            6.33       0.48284307
            6.34       0.48218098
            6.35       0.48152006
            6.36        0.4808603
            6.37       0.48020171
            6.38       0.47954427
            6.39         0.478888
             6.4       0.47823288
            6.41       0.47757892
            6.42       0.47692611
            6.43       0.47627444
            6.44       0.47562392
            6.45       0.47497455
            6.46       0.47432631
            6.47       0.47367922
            6.48       0.47303326
            6.49       0.47238843
             6.5       0.47174473
            6.51       0.47110216
            6.52       0.47046072
            6.53        0.4698204
            6.54        0.4691812
            6.55       0.46854312
            6.56       0.46790615
            6.57       0.46727029
            6.58       0.46663555
            6.59       0.46600191
             6.6       0.46536938
            6.61       0.46473795
            6.62       0.46410762
            6.63       0.46347839
            6.64       0.46285025
            6.65       0.46222321
            6.66       0.46159725
            6.67       0.46097239
            6.68        0.4603486
            6.69        0.4597259
             6.7       0.45910428
            6.71       0.45848373
            6.72       0.45786426
            6.73       0.45724586
            6.74       0.45662854
            6.75       0.45601227
            6.76       0.45539708
            6.77       0.45478294
            6.78       0.45416986
            6.79       0.45355784
             6.8       0.45294687
            6.81       0.45233696
            6.82       0.45172809
            6.83       0.45112027
            6.84        0.4505135
            6.85       0.44990777
            6.86       0.44930308
            6.87       0.44869943
            6.88       0.44809681
            6.89       0.44749524
             6.9       0.44689469
            6.91       0.44629518
            6.92        0.4456967
            6.93       0.44509925
            6.94       0.44450282
            6.95       0.44390742
            6.96       0.44331304
            6.97       0.44271969
            6.98       0.44212735
            6.99       0.44153603
               7       0.44094572
            7.01       0.44035643
            7.02       0.43976815
            7.03       0.43918088
            7.04       0.43859462
            7.05       0.43800937
            7.06       0.43742511
            7.07       0.43684187
            7.08       0.43625962
            7.09       0.43567837
             7.1       0.43509812
            7.11       0.43451886
            7.12        0.4339406
            7.13       0.43336333
            7.14       0.43278705
            7.15       0.43221175
            7.16       0.43163745
            7.17       0.43106412
            7.18       0.43049178
            7.19       0.42992042
             7.2       0.42935004
            7.21       0.42878063
            7.22        0.4282122
            7.23       0.42764475
            7.24       0.42707826
            7.25       0.42651274
            7.26       0.42594819
            7.27       0.42538461
            7.28       0.42482199
            7.29       0.42426033
             7.3       0.42369964
            7.31        0.4231399
            7.32       0.42258112
            7.33       0.42202329
            7.34       0.42146641
            7.35       0.42091049
            7.36       0.42035551
            7.37       0.41980149
            7.38        0.4192484
            7.39       0.41869627
             7.4       0.41814507
            7.41       0.41759481
            7.42       0.41704549
            7.43       0.41649711
            7.44       0.41594966
            7.45       0.41540315
            7.46       0.41485756
            7.47       0.41431291
            7.48       0.41376918
            7.49       0.41322637
             7.5       0.41268449
            7.51       0.41214353
            7.52       0.41160349
            7.53       0.41106437
            7.54       0.41052616
            7.55       0.40998887
            7.56       0.40945249
            7.57       0.40891702
            7.58       0.40838246
            7.59       0.40784881
             7.6       0.40731606
            7.61       0.40678421
            7.62       0.40625327
            7.63       0.40572322
            7.64       0.40519408
            7.65       0.40466582
            7.66       0.40413846
            7.67         0.403612
            7.68       0.40308642
            7.69       0.40256173
             7.7       0.40203793
            7.71       0.40151501
            7.72       0.40099298
            7.73       0.40047183
            7.74       0.39995155
            7.75       0.39943215
            7.76       0.39891363
            7.77       0.39839598
            7.78       0.39787921
            7.79        0.3973633
             7.8       0.39684826
            7.81       0.39633409
            7.82       0.39582078
            7.83       0.39530833
            7.84       0.39479675
            7.85       0.39428602
            7.86       0.39377615
            7.87       0.39326714
            7.88       0.39275898
            7.89       0.39225166
             7.9        0.3917452
            7.91       0.39123959
            7.92       0.39073482
            7.93        0.3902309
            7.94       0.38972782
            7.95       0.38922558
            7.96       0.38872418
            7.97       0.38822361
            7.98       0.38772388
            7.99       0.38722498
               8       0.38672692
            8.01       0.38622968
            8.02       0.38573327
            8.03       0.38523769
            8.04       0.38474293
            8.05       0.38424899
            8.06       0.38375587
            8.07       0.38326357
            8.08       0.38277208
            8.09       0.38228141
             8.1       0.38179156
            8.11       0.38130251
            8.12       0.38081427
            8.13       0.38032684
            8.14       0.37984022
            8.15        0.3793544
            8.16       0.37886938
            8.17       0.37838516
            8.18       0.37790174
            8.19       0.37741911
             8.2       0.37693728
            8.21       0.37645624
            8.22       0.37597599
            8.23       0.37549653
            8.24       0.37501786
            8.25       0.37453997
            8.26       0.37406286
            8.27       0.37358654
            8.28       0.37311099
            8.29       0.37263623
             8.3       0.37216224
            8.31       0.37168902
            8.32       0.37121658
            8.33        0.3707449
            8.34       0.37027399
            8.35       0.36980385
            8.36       0.36933448
            8.37       0.36886587
            8.38       0.36839802
            8.39       0.36793092
             8.4       0.36746459
            8.41       0.36699901
            8.42       0.36653419
            8.43       0.36607011
            8.44       0.36560679
            8.45       0.36514421
            8.46       0.36468238
            8.47        0.3642213
            8.48       0.36376096
            8.49       0.36330135
             8.5       0.36284249
            8.51       0.36238437
            8.52       0.36192698
            8.53       0.36147032
            8.54       0.36101439
            8.55        0.3605592
            8.56       0.36010473
            8.57       0.35965099
            8.58       0.35919797
            8.59       0.35874567
             8.6        0.3582941
            8.61       0.35784324
            8.62        0.3573931
            8.63       0.35694368
            8.64       0.35649497
            8.65       0.35604697
            8.66       0.35559968
            8.67       0.35515309
            8.68       0.35470721
            8.69       0.35426204
             8.7       0.35381757
            8.71        0.3533738
            8.72       0.35293072
            8.73       0.35248835
            8.74       0.35204666
            8.75       0.35160567
            8.76       0.35116538
            8.77       0.35072577
            8.78       0.35028684
            8.79       0.34984861
             8.8       0.34941105
            8.81       0.34897418
            8.82       0.34853799
            8.83       0.34810248
            8.84       0.34766764
            8.85       0.34723348
            8.86       0.34679999
            8.87       0.34636717
            8.88       0.34593502
            8.89       0.34550353
             8.9       0.34507271
            8.91       0.34464256
            8.92       0.34421306
            8.93       0.34378423
            8.94       0.34335605
            8.95       0.34292853
            8.96       0.34250167
            8.97       0.34207545
            8.98       0.34164989
            8.99       0.34122497
               9        0.3408007
            9.01       0.34037708
            9.02        0.3399541
            9.03       0.33953176
            9.04       0.33911006
            9.05       0.33868899
            9.06       0.33826857
            9.07       0.33784877
            9.08       0.33742961
            9.09       0.33701108
             9.1       0.33659318
            9.11        0.3361759
            9.12       0.33575925
            9.13       0.33534322
            9.14       0.33492781
            9.15       0.33451302
            9.16       0.33409885
            9.17       0.33368529
            9.18       0.33327235
            9.19       0.33286001
             9.2       0.33244829
            9.21       0.33203718
            9.22       0.33162667
            9.23       0.33121677
            9.24       0.33080746
            9.25       0.33039876
            9.26       0.32999066
            9.27       0.32958316
            9.28       0.32917625
            9.29       0.32876993
             9.3        0.3283642
            9.31       0.32795907
            9.32       0.32755452
            9.33       0.32715056
            9.34       0.32674718
            9.35       0.32634438
            9.36       0.32594217
            9.37       0.32554053
            9.38       0.32513947
            9.39       0.32473898
             9.4       0.32433907
            9.41       0.32393973
            9.42       0.32354095
            9.43       0.32314275
            9.44       0.32274511
            9.45       0.32234803
            9.46       0.32195152
            9.47       0.32155556
            9.48       0.32116017
            9.49       0.32076533
             9.5       0.32037104
            9.51       0.31997731
            9.52       0.31958413
            9.53        0.3191915
            9.54       0.31879941
            9.55       0.31840787
            9.56       0.31801687
            9.57       0.31762642
            9.58        0.3172365
            9.59       0.31684712
             9.6       0.31645828
            9.61       0.31606997
            9.62        0.3156822
            9.63       0.31529495
            9.64       0.31490824
            9.65       0.31452205
            9.66       0.31413638
            9.67       0.31375124
            9.68       0.31336662
            9.69       0.31298252
             9.7       0.31259894
            9.71       0.31221587
            9.72       0.31183332
            9.73       0.31145128
            9.74       0.31106975
            9.75       0.31068873
            9.76       0.31030821
            9.77        0.3099282
            9.78       0.30954869
            9.79       0.30916968
             9.8       0.30879118
            9.81       0.30841316
            9.82       0.30803565
            9.83       0.30765863
            9.84        0.3072821
            9.85       0.30690606
            9.86       0.30653051
            9.87       0.30615544
            9.88       0.30578086
            9.89       0.30540676
             9.9       0.30503314
            9.91          0.30466
            9.92       0.30428734
            9.93       0.30391516
            9.94       0.30354344
            9.95        0.3031722
            9.96       0.30280143
            9.97       0.30243112
            9.98       0.30206129
            9.99       0.30169191
              10         0.301323
