               0                1
            0.01          0.99125
            0.02       0.98596537
            0.03       0.98238337
            0.04       0.97992122
            0.05       0.97827362
            0.06        0.9772069
            0.07       0.97661787
            0.08       0.97642192
            0.09       0.97655381
             0.1         0.976951
            0.11       0.97755742
            0.12       0.97834276
            0.13        0.9792832
            0.14       0.98035487
            0.15         0.981534
            0.16       0.98280185
            0.17       0.98414769
            0.18       0.98556151
            0.19        0.9870333
             0.2       0.98855305
            0.21       0.99011076
            0.22        0.9916965
            0.23       0.99330305
            0.24       0.99492621
            0.25       0.99656191
            0.26       0.99820613
            0.27       0.99985479
            0.28        1.0015039
            0.29        1.0031493
             0.3         1.004787
            0.31         1.006413
            0.32        1.0080233
            0.33        1.0096152
            0.34        1.0111879
            0.35        1.0127411
            0.36         1.014274
            0.37        1.0157862
            0.38        1.0172771
            0.39         1.018746
             0.4        1.0201926
            0.41        1.0216161
            0.42         1.023016
            0.43        1.0243919
            0.44         1.025743
            0.45        1.0270689
            0.46         1.028369
            0.47        1.0296428
            0.48        1.0308899
            0.49        1.0321102
             0.5        1.0333037
            0.51        1.0344702
            0.52        1.0356097
            0.53         1.036722
            0.54         1.037807
            0.55        1.0388647
            0.56         1.039895
            0.57        1.0408977
            0.58        1.0418727
            0.59          1.04282
             0.6        1.0437395
            0.61         1.044631
            0.62        1.0454944
            0.63        1.0463297
            0.64        1.0471368
            0.65        1.0479155
            0.66        1.0486658
            0.67        1.0493875
            0.68        1.0500806
            0.69        1.0507449
             0.7        1.0513808
            0.71        1.0519884
            0.72        1.0525681
            0.73        1.0531202
            0.74         1.053645
            0.75        1.0541427
            0.76        1.0546136
            0.77         1.055058
            0.78        1.0554763
            0.79        1.0558686
             0.8        1.0562354
            0.81        1.0565768
            0.82        1.0568932
            0.83        1.0571849
            0.84        1.0574521
            0.85        1.0576951
            0.86        1.0579143
            0.87        1.0581099
            0.88        1.0582823
            0.89        1.0584316
             0.9        1.0585582
            0.91        1.0586624
            0.92        1.0587444
            0.93        1.0588047
            0.94        1.0588433
            0.95        1.0588607
            0.96        1.0588572
            0.97        1.0588329
            0.98        1.0587883
            0.99        1.0587236
               1         1.058639
            1.01        1.0585349
            1.02        1.0584116
            1.03        1.0582692
            1.04         1.058108
            1.05        1.0579283
            1.06        1.0577304
            1.07        1.0575144
            1.08        1.0572806
            1.09        1.0570292
             1.1        1.0567606
            1.11         1.056475
            1.12        1.0561725
            1.13        1.0558535
            1.14        1.0555182
            1.15        1.0551669
            1.16        1.0547997
            1.17         1.054417
            1.18         1.054019
            1.19        1.0536059
             1.2        1.0531781
            1.21        1.0527356
            1.22        1.0522789
            1.23        1.0518081
            1.24        1.0513234
            1.25        1.0508252
            1.26        1.0503137
            1.27        1.0497891
            1.28        1.0492517
            1.29        1.0487017
             1.3        1.0481394
            1.31        1.0475649
            1.32        1.0469787
            1.33        1.0463809
            1.34        1.0457717
            1.35        1.0451515
            1.36        1.0445204
            1.37        1.0438787
            1.38        1.0432266
            1.39        1.0425645
             1.4        1.0418925
            1.41         1.041211
            1.42          1.04052
            1.43          1.03982
            1.44        1.0391111
            1.45        1.0383936
            1.46        1.0376677
            1.47        1.0369338
            1.48        1.0361919
            1.49        1.0354422
             1.5        1.0346847
            1.51        1.0339195
            1.52        1.0331468
            1.53        1.0323665
            1.54        1.0315788
            1.55        1.0307837
            1.56        1.0299813
            1.57        1.0291717
            1.58        1.0283549
            1.59         1.027531
             1.6        1.0267001
            1.61        1.0258624
            1.62        1.0250177
            1.63        1.0241663
            1.64        1.0233082
            1.65        1.0224434
            1.66        1.0215721
            1.67        1.0206944
            1.68        1.0198102
            1.69        1.0189197
             1.7         1.018023
            1.71          1.01712
            1.72         1.016211
            1.73         1.015296
            1.74        1.0143749
            1.75        1.0134481
            1.76        1.0125154
            1.77         1.011577
            1.78        1.0106329
            1.79        1.0096833
             1.8        1.0087282
            1.81        1.0077676
            1.82        1.0068017
            1.83        1.0058305
            1.84        1.0048542
            1.85        1.0038727
            1.86        1.0028861
            1.87        1.0018946
            1.88        1.0008982
            1.89        0.9998969
             1.9        0.9988909
            1.91       0.99788023
            1.92       0.99686495
            1.93       0.99584515
            1.94       0.99482091
            1.95       0.99379228
            1.96       0.99275936
            1.97       0.99172222
            1.98       0.99068092
            1.99       0.98963556
               2       0.98858619
            2.01        0.9875329
            2.02       0.98647576
            2.03       0.98541485
            2.04       0.98435024
            2.05       0.98328201
            2.06       0.98221022
            2.07       0.98113497
            2.08       0.98005631
            2.09       0.97897434
             2.1       0.97788911
            2.11       0.97680072
            2.12       0.97570922
            2.13        0.9746147
            2.14       0.97351724
            2.15        0.9724169
            2.16       0.97131376
            2.17       0.97020788
            2.18       0.96909929
            2.19       0.96798802
             2.2       0.96687412
            2.21       0.96575761
            2.22       0.96463853
            2.23       0.96351691
            2.24        0.9623928
            2.25       0.96126622
            2.26       0.96013721
            2.27       0.95900581
            2.28       0.95787206
            2.29       0.95673597
             2.3        0.9555976
            2.31       0.95445698
            2.32       0.95331413
            2.33        0.9521691
            2.34       0.95102193
            2.35       0.94987264
            2.36       0.94872127
            2.37       0.94756786
            2.38       0.94641244
            2.39       0.94525505
             2.4       0.94409572
            2.41       0.94293449
            2.42       0.94177139
            2.43       0.94060646
            2.44       0.93943973
            2.45       0.93827124
            2.46       0.93710102
            2.47        0.9359291
            2.48       0.93475553
            2.49       0.93358034
             2.5       0.93240356
            2.51       0.93122523
            2.52       0.93004538
            2.53       0.92886405
            2.54       0.92768128
            2.55       0.92649709
            2.56       0.92531152
            2.57       0.92412462
            2.58       0.92293641
            2.59       0.92174692
             2.6        0.9205562
            2.61       0.91936428
            2.62       0.91817119
            2.63       0.91697697
            2.64       0.91578166
            2.65       0.91458528
            2.66       0.91338788
            2.67       0.91218949
            2.68       0.91099014
            2.69       0.90978987
             2.7       0.90858872
            2.71       0.90738671
            2.72       0.90618389
            2.73       0.90498029
            2.74       0.90377595
            2.75       0.90257089
            2.76       0.90136516
            2.77       0.90015879
            2.78       0.89895182
            2.79       0.89774427
             2.8       0.89653619
            2.81       0.89532761
            2.82       0.89411857
            2.83        0.8929091
            2.84       0.89169923
            2.85         0.890489
            2.86       0.88927845
            2.87       0.88806761
            2.88       0.88685652
            2.89        0.8856452
             2.9       0.88443371
            2.91       0.88322206
            2.92        0.8820103
            2.93       0.88079846
            2.94       0.87958658
            2.95       0.87837469
            2.96       0.87716283
            2.97       0.87595102
            2.98       0.87473932
            2.99       0.87352774
               3       0.87231634
            3.01       0.87110513
            3.02       0.86989417
            3.03       0.86868347
            3.04       0.86747308
            3.05       0.86626304
            3.06       0.86505337
            3.07       0.86384411
            3.08        0.8626353
            3.09       0.86142698
             3.1       0.86021917
            3.11       0.85901191
            3.12       0.85780525
            3.13        0.8565992
            3.14       0.85539382
            3.15       0.85418912
            3.16       0.85298516
            3.17       0.85178195
            3.18       0.85057953
            3.19       0.84937788
             3.2       0.84817703
            3.21       0.84697697
            3.22       0.84577771
            3.23       0.84457926
            3.24       0.84338162
            3.25       0.84218481
            3.26       0.84098883
            3.27       0.83979368
            3.28       0.83859937
            3.29       0.83740591
             3.3       0.83621331
            3.31       0.83502156
            3.32       0.83383068
            3.33       0.83264068
            3.34       0.83145155
            3.35       0.83026332
            3.36       0.82907597
            3.37       0.82788953
            3.38       0.82670399
            3.39       0.82551936
             3.4       0.82433566
            3.41       0.82315288
            3.42       0.82197103
            3.43       0.82079012
            3.44       0.81961015
            3.45       0.81843114
            3.46       0.81725308
            3.47       0.81607599
            3.48       0.81489987
            3.49       0.81372473
             3.5       0.81255057
            3.51        0.8113774
            3.52       0.81020523
            3.53       0.80903406
            3.54       0.80786391
            3.55       0.80669477
            3.56       0.80552665
            3.57       0.80435956
            3.58       0.80319351
            3.59        0.8020285
             3.6       0.80086454
            3.61       0.79970163
            3.62       0.79853979
            3.63       0.79737901
            3.64       0.79621932
            3.65        0.7950607
            3.66       0.79390317
            3.67       0.79274673
            3.68        0.7915914
            3.69       0.79043717
             3.7       0.78928406
            3.71       0.78813206
            3.72        0.7869812
            3.73       0.78583146
            3.74       0.78468287
            3.75       0.78353542
            3.76       0.78238913
            3.77         0.781244
            3.78       0.78010003
            3.79       0.77895723
             3.8       0.77781561
            3.81       0.77667518
            3.82       0.77553594
            3.83        0.7743979
            3.84       0.77326107
            3.85       0.77212544
            3.86       0.77099103
            3.87       0.76985785
            3.88        0.7687259
            3.89       0.76759518
             3.9       0.76646571
            3.91       0.76533749
            3.92       0.76421052
            3.93       0.76308482
            3.94       0.76196039
            3.95       0.76083724
            3.96       0.75971536
            3.97       0.75859478
            3.98       0.75747549
            3.99       0.75635751
               4       0.75524083
            4.01       0.75412547
            4.02       0.75301143
            4.03       0.75189872
            4.04       0.75078735
            4.05       0.74967731
            4.06       0.74856862
            4.07       0.74746129
            4.08       0.74635532
            4.09       0.74525071
             4.1       0.74414748
            4.11       0.74304563
            4.12       0.74194516
            4.13       0.74084609
            4.14       0.73974842
            4.15       0.73865215
            4.16        0.7375573
            4.17       0.73646386
            4.18       0.73537185
            4.19       0.73428128
             4.2       0.73319214
            4.21       0.73210445
            4.22        0.7310182
            4.23       0.72993342
            4.24        0.7288501
            4.25       0.72776825
            4.26       0.72668788
            4.27         0.725609
            4.28        0.7245316
            4.29        0.7234557
             4.3       0.72238131
            4.31       0.72130842
            4.32       0.72023705
            4.33       0.71916721
            4.34       0.71809889
            4.35       0.71703211
            4.36       0.71596687
            4.37       0.71490318
            4.38       0.71384105
            4.39       0.71278048
             4.4       0.71172148
            4.41       0.71066405
            4.42        0.7096082
            4.43       0.70855394
            4.44       0.70750128
            4.45       0.70645022
            4.46       0.70540076
            4.47       0.70435292
            4.48        0.7033067
            4.49        0.7022621
             4.5       0.70121914
            4.51       0.70017782
            4.52       0.69913815
            4.53       0.69810012
            4.54       0.69706376
            4.55       0.69602906
            4.56       0.69499604
            4.57       0.69396469
            4.58       0.69293503
            4.59       0.69190706
             4.6       0.69088079
            4.61       0.68985623
            4.62       0.68883337
            4.63       0.68781224
            4.64       0.68679283
            4.65       0.68577514
            4.66       0.68475919
            4.67       0.68374497
            4.68       0.68273246
            4.69       0.68172168
             4.7       0.68071263
            4.71       0.67970528
            4.72       0.67869965
            4.73       0.67769574
            4.74       0.67669353
            4.75       0.67569302
            4.76       0.67469423
            4.77       0.67369713
            4.78       0.67270173
            4.79       0.67170803
             4.8       0.67071602
            4.81        0.6697257
            4.82       0.66873707
            4.83       0.66775013
            4.84       0.66676487
            4.85       0.66578129
            4.86       0.66479938
            4.87       0.66381916
            4.88        0.6628406
            4.89       0.66186372
             4.9        0.6608885
            4.91       0.65991495
            4.92       0.65894306
            4.93       0.65797283
            4.94       0.65700426
            4.95       0.65603734
            4.96       0.65507208
            4.97       0.65410846
            4.98        0.6531465
            4.99       0.65218617
               5       0.65122749
            5.01       0.65027045
            5.02       0.64931504
            5.03       0.64836127
            5.04       0.64740913
            5.05       0.64645861
            5.06       0.64550973
            5.07       0.64456247
            5.08       0.64361682
            5.09        0.6426728
             5.1        0.6417304
            5.11        0.6407896
            5.12       0.63985042
            5.13       0.63891285
            5.14       0.63797688
            5.15       0.63704251
            5.16       0.63610975
            5.17       0.63517858
            5.18       0.63424901
            5.19       0.63332103
             5.2       0.63239464
            5.21       0.63146984
            5.22       0.63054662
            5.23       0.62962498
            5.24       0.62870493
            5.25       0.62778645
            5.26       0.62686955
            5.27       0.62595422
            5.28       0.62504046
            5.29       0.62412826
             5.3       0.62321763
            5.31       0.62230856
            5.32       0.62140105
            5.33        0.6204951
            5.34        0.6195907
            5.35       0.61868785
            5.36       0.61778655
            5.37        0.6168868
            5.38       0.61598859
            5.39       0.61509192
             5.4       0.61419679
            5.41        0.6133032
            5.42       0.61241114
            5.43       0.61152061
            5.44        0.6106316
            5.45       0.60974413
            5.46       0.60885817
            5.47       0.60797374
            5.48       0.60709082
            5.49       0.60620942
             5.5       0.60532954
            5.51       0.60445116
            5.52       0.60357429
            5.53       0.60269892
            5.54       0.60182506
            5.55       0.60095269
            5.56       0.60008183
            5.57       0.59921245
            5.58       0.59834457
            5.59       0.59747818
             5.6       0.59661328
            5.61       0.59574986
            5.62       0.59488792
            5.63       0.59402746
            5.64       0.59316848
            5.65       0.59231097
            5.66       0.59145493
            5.67       0.59060036
            5.68       0.58974726
            5.69       0.58889562
             5.7       0.58804544
            5.71       0.58719672
            5.72       0.58634945
            5.73       0.58550364
            5.74       0.58465928
            5.75       0.58381636
            5.76        0.5829749
            5.77       0.58213487
            5.78       0.58129629
            5.79       0.58045914
             5.8       0.57962343
            5.81       0.57878915
            5.82        0.5779563
            5.83       0.57712487
            5.84       0.57629488
            5.85        0.5754663
            5.86       0.57463914
            5.87       0.57381341
            5.88       0.57298908
            5.89       0.57216617
             5.9       0.57134466
            5.91       0.57052457
            5.92       0.56970587
            5.93       0.56888858
            5.94       0.56807269
            5.95       0.56725819
            5.96       0.56644509
            5.97       0.56563338
            5.98       0.56482305
            5.99       0.56401412
               6       0.56320656
            6.01       0.56240039
            6.02       0.56159559
            6.03       0.56079218
            6.04       0.55999013
            6.05       0.55918945
            6.06       0.55839015
            6.07        0.5575922
            6.08       0.55679562
            6.09        0.5560004
             6.1       0.55520654
            6.11       0.55441403
            6.12       0.55362288
            6.13       0.55283307
            6.14       0.55204461
            6.15        0.5512575
            6.16       0.55047173
            6.17        0.5496873
            6.18        0.5489042
            6.19       0.54812244
             6.2       0.54734201
            6.21       0.54656291
            6.22       0.54578514
            6.23       0.54500869
            6.24       0.54423356
            6.25       0.54345975
            6.26       0.54268726
            6.27       0.54191608
            6.28       0.54114621
            6.29       0.54037765
             6.3        0.5396104
            6.31       0.53884444
            6.32       0.53807979
            6.33       0.53731644
            6.34       0.53655438
            6.35       0.53579362
            6.36       0.53503415
            6.37       0.53427596
            6.38       0.53351906
            6.39       0.53276344
             6.4        0.5320091
            6.41       0.53125604
            6.42       0.53050426
            6.43       0.52975375
            6.44        0.5290045
            6.45       0.52825652
            6.46       0.52750981
            6.47       0.52676436
            6.48       0.52602017
            6.49       0.52527724
             6.5       0.52453556
            6.51       0.52379513
            6.52       0.52305595
            6.53       0.52231802
            6.54       0.52158133
            6.55       0.52084588
            6.56       0.52011167
            6.57        0.5193787
            6.58       0.51864696
            6.59       0.51791645
             6.6       0.51718717
            6.61       0.51645911
            6.62       0.51573228
            6.63       0.51500667
            6.64       0.51428228
            6.65        0.5135591
            6.66       0.51283713
            6.67       0.51211638
            6.68       0.51139683
            6.69       0.51067849
             6.7       0.50996135
            6.71       0.50924541
            6.72       0.50853067
            6.73       0.50781712
            6.74       0.50710477
            6.75        0.5063936
            6.76       0.50568362
            6.77       0.50497483
            6.78       0.50426721
            6.79       0.50356078
             6.8       0.50285552
            6.81       0.50215144
            6.82       0.50144853
            6.83       0.50074679
            6.84       0.50004622
            6.85       0.49934681
            6.86       0.49864857
            6.87       0.49795149
            6.88       0.49725557
            6.89       0.49656082
             6.9       0.49586722
            6.91       0.49517479
            6.92       0.49448351
            6.93       0.49379338
            6.94       0.49310441
            6.95       0.49241659
            6.96       0.49172992
            6.97       0.49104439
            6.98       0.49036002
            6.99       0.48967679
               7       0.48899471
            7.01       0.48831377
            7.02       0.48763397
            7.03       0.48695531
            7.04       0.48627779
            7.05        0.4856014
            7.06       0.48492615
            7.07       0.48425204
            7.08       0.48357906
            7.09       0.48290721
             7.1       0.48223649
            7.11       0.48156689
            7.12       0.48089843
            7.13       0.48023109
            7.14       0.47956487
            7.15       0.47889977
            7.16        0.4782358
            7.17       0.47757294
            7.18       0.47691121
            7.19       0.47625059
             7.2       0.47559108
            7.21       0.47493269
            7.22       0.47427541
            7.23       0.47361923
            7.24       0.47296417
            7.25       0.47231022
            7.26       0.47165737
            7.27       0.47100563
            7.28       0.47035498
            7.29       0.46970544
             7.3         0.469057
            7.31       0.46840966
            7.32       0.46776342
            7.33       0.46711827
            7.34       0.46647421
            7.35       0.46583125
            7.36       0.46518938
            7.37        0.4645486
            7.38       0.46390891
            7.39        0.4632703
             7.4       0.46263278
            7.41       0.46199634
            7.42       0.46136098
            7.43       0.46072671
            7.44       0.46009351
            7.45       0.45946139
            7.46       0.45883035
            7.47       0.45820038
            7.48       0.45757149
            7.49       0.45694367
             7.5       0.45631692
            7.51       0.45569123
            7.52       0.45506662
            7.53       0.45444307
            7.54       0.45382058
            7.55       0.45319916
            7.56        0.4525788
            7.57        0.4519595
            7.58       0.45134125
            7.59       0.45072407
             7.6       0.45010794
            7.61       0.44949286
            7.62       0.44887883
            7.63       0.44826586
            7.64       0.44765394
            7.65       0.44704306
            7.66       0.44643323
            7.67       0.44582445
            7.68       0.44521671
            7.69       0.44461001
             7.7       0.44400435
            7.71       0.44339974
            7.72       0.44279616
            7.73       0.44219361
            7.74        0.4415921
            7.75       0.44099163
            7.76       0.44039218
            7.77       0.43979377
            7.78       0.43919638
            7.79       0.43860002
             7.8       0.43800469
            7.81       0.43741038
            7.82        0.4368171
            7.83       0.43622483
            7.84       0.43563359
            7.85       0.43504336
            7.86       0.43445415
            7.87       0.43386596
            7.88       0.43327878
            7.89       0.43269261
             7.9       0.43210746
            7.91       0.43152331
            7.92       0.43094017
            7.93       0.43035804
            7.94       0.42977691
            7.95       0.42919679
            7.96       0.42861767
            7.97       0.42803955
            7.98       0.42746243
            7.99        0.4268863
               8       0.42631117
            8.01       0.42573704
            8.02        0.4251639
            8.03       0.42459175
            8.04        0.4240206
            8.05       0.42345043
            8.06       0.42288124
            8.07       0.42231305
            8.08       0.42174584
            8.09       0.42117961
             8.1       0.42061436
            8.11       0.42005009
            8.12        0.4194868
            8.13       0.41892449
            8.14       0.41836315
            8.15       0.41780279
            8.16        0.4172434
            8.17       0.41668498
            8.18       0.41612752
            8.19       0.41557104
             8.2       0.41501553
            8.21       0.41446097
            8.22       0.41390739
            8.23       0.41335476
            8.24        0.4128031
            8.25       0.41225239
            8.26       0.41170264
            8.27       0.41115385
            8.28       0.41060601
            8.29       0.41005913
             8.3       0.40951319
            8.31       0.40896821
            8.32       0.40842418
            8.33       0.40788109
            8.34       0.40733895
            8.35       0.40679775
            8.36        0.4062575
            8.37       0.40571818
            8.38       0.40517981
            8.39       0.40464238
             8.4       0.40410588
            8.41       0.40357032
            8.42       0.40303569
            8.43       0.40250199
            8.44       0.40196923
            8.45       0.40143739
            8.46       0.40090648
            8.47        0.4003765
            8.48       0.39984744
            8.49       0.39931931
             8.5        0.3987921
            8.51       0.39826581
            8.52       0.39774044
            8.53       0.39721598
            8.54       0.39669244
            8.55       0.39616982
            8.56       0.39564811
            8.57       0.39512731
            8.58       0.39460742
            8.59       0.39408844
             8.6       0.39357037
            8.61        0.3930532
            8.62       0.39253694
            8.63       0.39202158
            8.64       0.39150712
            8.65       0.39099356
            8.66        0.3904809
            8.67       0.38996913
            8.68       0.38945827
            8.69       0.38894829
             8.7       0.38843921
            8.71       0.38793102
            8.72       0.38742371
            8.73        0.3869173
            8.74       0.38641177
            8.75       0.38590713
            8.76       0.38540337
            8.77       0.38490049
            8.78       0.38439849
            8.79       0.38389737
             8.8       0.38339713
            8.81       0.38289777
            8.82       0.38239928
            8.83       0.38190166
            8.84       0.38140491
            8.85       0.38090904
            8.86       0.38041403
            8.87       0.37991989
            8.88       0.37942661
            8.89        0.3789342
             8.9       0.37844266
            8.91       0.37795197
            8.92       0.37746214
            8.93       0.37697317
            8.94       0.37648506
            8.95       0.37599781
            8.96        0.3755114
            8.97       0.37502585
            8.98       0.37454115
            8.99        0.3740573
               9        0.3735743
            9.01       0.37309214
            9.02       0.37261083
            9.03       0.37213037
            9.04       0.37165074
            9.05       0.37117195
            9.06       0.37069401
            9.07        0.3702169
            9.08       0.36974063
            9.09       0.36926519
             9.1       0.36879058
            9.11       0.36831681
            9.12       0.36784386
            9.13       0.36737175
            9.14       0.36690046
            9.15          0.36643
            9.16       0.36596036
            9.17       0.36549154
            9.18       0.36502355
            9.19       0.36455637
             9.2       0.36409001
            9.21       0.36362447
            9.22       0.36315975
            9.23       0.36269584
            9.24       0.36223274
            9.25       0.36177045
            9.26       0.36130897
            9.27        0.3608483
            9.28       0.36038843
            9.29       0.35992937
             9.3       0.35947112
            9.31       0.35901366
            9.32       0.35855701
            9.33       0.35810115
            9.34       0.35764609
            9.35       0.35719183
            9.36       0.35673836
            9.37       0.35628569
            9.38        0.3558338
            9.39       0.35538271
             9.4        0.3549324
            9.41       0.35448289
            9.42       0.35403415
            9.43       0.35358621
            9.44       0.35313904
            9.45       0.35269266
            9.46       0.35224705
            9.47       0.35180222
            9.48       0.35135817
            9.49        0.3509149
             9.5        0.3504724
            9.51       0.35003067
            9.52       0.34958971
            9.53       0.34914952
            9.54        0.3487101
            9.55       0.34827144
            9.56       0.34783355
            9.57       0.34739643
            9.58       0.34696006
            9.59       0.34652446
             9.6       0.34608961
            9.61       0.34565552
            9.62       0.34522219
            9.63       0.34478961
            9.64       0.34435778
            9.65       0.34392671
            9.66       0.34349639
            9.67       0.34306681
            9.68       0.34263798
            9.69        0.3422099
             9.7       0.34178256
            9.71       0.34135596
            9.72       0.34093011
            9.73       0.34050499
            9.74       0.34008061
            9.75       0.33965697
            9.76       0.33923407
            9.77       0.33881189
            9.78       0.33839045
            9.79       0.33796974
             9.8       0.33754976
            9.81       0.33713051
            9.82       0.33671198
            9.83       0.33629418
            9.84        0.3358771
            9.85       0.33546075
            9.86       0.33504511
            9.87       0.33463019
            9.88       0.33421599
            9.89       0.33380251
             9.9       0.33338974
            9.91       0.33297768
            9.92       0.33256633
            9.93        0.3321557
            9.94       0.33174577
            9.95       0.33133655
            9.96       0.33092804
            9.97       0.33052022
            9.98       0.33011312
            9.99       0.32970671
              10         0.329301


