1589
1590
1591
1592
1593
1595
1596
1597
1598
1599
1600
1601
1603
1605
1606
1607
1608
1609
1610
1611
1612
1613
1614
1615
1616
1617
1618
1619
1620
1621
1622
1623
1624
1625
1626
1627
1628
1629
1630
1631
1632
1633
1634
1635
1636
1637
1638
1647
1648
1649
1650
1651
1652
1653
1654
1970
1971
1973
1974
1975
1976
1979
1980
1981
1982
1998
1999
2000
2001
2002
2003
2004
2005
2006
2007
2008
2009
2010
2014
2026
2039
2040
2041
2042
2054
2055
2056
2057
2058
2059
2060
2061
2062
2064
2065
2066
2068
2069
2070
2071
2072
2075
2089
2095
2096
2097
2098
2099
2100
2105
2106
9999