20460
20461
20462
20463
20464
20466
20467
20468
20469
20470
20471
20472
20473
20475
20476
20477
20478
20479
20480
20481
20482
20483
20484
20485
20486
20487
20488
20489
20490
20491
20492
20493
20494
20498
20499
20500
20501
20502
20503
20504
20505
20506
20507
20508
20509
20510
20511
20533
20534
20535
20536
20537
20538
20539
20540
20890
20891
20893
20894
20895
20896
20899
20900
20901
20902
20916
20917
20918
20919
20920
20921
20922
20923
20924
20925
20926
20927
20928
20931
20938
20949
20961
20962
20963
20964
20965
20966
20967
20968
20969
20971
20972
20973
20975
20976
20977
20978
20979
20980
20982
20983
20984
20985
20986
20988
20989
20990
20991
20992
20993
20994
20995
21001
21002
21003
21004
21005
21006
99999