From: MILLER@nucthy.phys.washington.edu
Date: Mon Aug 11, 2003  6:09:04 PM US/Eastern
To: KEES@JLAB.ORG
Subject: Phys.Rev.C66:032201,2002 topd file of fig1

set device sideways 
(this compares gen with data)
set font duplex
set size 10 by 10
title left size 3 lines=-.03  'G0E12n3'
case                          ' X XX X'
title bot  siz 3 ' Q223 (GeV223)'
case             '  X X     X X' 
title siz 2 4 3.9 'relativistic quarks'
(title siz 3  7 7.1 '3.9')
(title siz 3  7 8.1 '3.5')
(title siz 3 4  5.5  'total')
(title siz 2 4 4.29 'relativistic quarks')
(title siz 2 2.83 3 'pion cloud')
set limit y from 0.0 to 0.07
set limit x from 0.0 to 4
set order x y dy
0.2   0.05 0.01 (herberg)
0.21 0.066 .014 (passchier)
(0.255 0.066 .04 eden)
0.34 0.061 .01 (ostrick)
0.5 .045 .005 (zhu)
0.67 .052 .013 (rohe)
plot
set order x y
  3.894000000000000E-012  1.858000000000000E-012
  0.250000000000000       3.967000000000000E-002
  0.500000000000000       4.434000000000000E-002
  0.750000000000000       4.368000000000000E-002
   1.00000000000000       4.150000000000000E-002
   1.50000000000000       3.620000000000000E-002
   2.00000000000000       3.127000000000000E-002
   2.50000000000000       2.711000000000000E-002
   3.00000000000000       2.364000000000000E-002
   3.50000000000000       2.072000000000000E-002
   4.00000000000000       1.824000000000000E-002
   4.50000000000000       1.613000000000000E-002
   5.00000000000000       1.433000000000000E-002
   5.50000000000000       1.281000000000000E-002
   6.00000000000000       1.151000000000000E-002
   6.50000000000000       1.040000000000000E-002
   7.00000000000000       9.446000000000000E-003
   7.50000000000000       8.623000000000000E-003
   8.00000000000000       7.907000000000001E-003
   8.50000000000000       7.276000000000000E-003
   9.00000000000000       6.716000000000000E-003
   9.50000000000000       6.216000000000000E-003
   10.0000000000000       5.765000000000000E-003
   11.0000000000000       4.984000000000000E-003
   12.0000000000000       4.334000000000000E-003
   13.0000000000000       3.787000000000000E-003
   14.0000000000000       3.326000000000000E-003
   15.0000000000000       2.935000000000000E-003
   16.0000000000000       2.602000000000000E-003
   17.0000000000000       2.319000000000000E-003
   18.0000000000000       2.076000000000000E-003
   19.0000000000000       1.867000000000000E-003
   20.0000000000000       1.686000000000000E-003
join
(case 3)
 ( 3.894000000000000E-012  1.836000000000000E-012)
 ( 0.250000000000000       3.887000000000000E-002)
 ( 0.500000000000000       4.319000000000000E-002)
 ( 0.750000000000000       4.244000000000000E-002)
 (  1.00000000000000       4.030000000000000E-002)
 (  1.50000000000000       3.520000000000000E-002)
 (  2.00000000000000       3.051000000000000E-002)
 (  2.50000000000000       2.657000000000000E-002)
 (  3.00000000000000       2.329000000000000E-002)
 (  3.50000000000000       2.051000000000000E-002)
 (  4.00000000000000       1.814000000000000E-002)
 (  4.50000000000000       1.611000000000000E-002)
 (  5.00000000000000       1.438000000000000E-002)
 (  5.50000000000000       1.291000000000000E-002)
 (  6.00000000000000       1.165000000000000E-002)
 (  6.50000000000000       1.058000000000000E-002)
 (  7.00000000000000       9.655000000000000E-003)
 (  7.50000000000000       8.854000000000001E-003)
 (  8.00000000000000       8.153000000000001E-003)
 (  8.50000000000000       7.535000000000000E-003)
 (  9.00000000000000       6.983000000000000E-003)
 (  9.50000000000000       6.488000000000000E-003)
 (  10.0000000000000       6.039000000000000E-003)
 (  11.0000000000000       5.258000000000000E-003)
 (  12.0000000000000       4.601000000000000E-003)
 (  13.0000000000000       4.045000000000000E-003)
 (  14.0000000000000       3.573000000000000E-003)
 (  15.0000000000000       3.171000000000000E-003)
 (  16.0000000000000       2.827000000000000E-003)
 (  17.0000000000000       2.532000000000000E-003)
 (  18.0000000000000       2.279000000000000E-003)
 (  19.0000000000000       2.060000000000000E-003)
 (  20.0000000000000       1.871000000000000E-003)
(join dotdash)
  3.894000000000000E-012  1.823000000000000E-012
  0.250000000000000       3.833000000000000E-002
  0.500000000000000       4.243000000000000E-002
  0.750000000000000       4.161000000000000E-002
   1.00000000000000       3.948000000000000E-002
   1.50000000000000       3.451000000000000E-002
   2.00000000000000       2.997000000000000E-002
   2.50000000000000       2.618000000000000E-002
   3.00000000000000       2.301000000000000E-002
   3.50000000000000       2.033000000000000E-002
   4.00000000000000       1.804000000000000E-002
   4.50000000000000       1.608000000000000E-002
   5.00000000000000       1.440000000000000E-002
   5.50000000000000       1.296000000000000E-002
   6.00000000000000       1.174000000000000E-002
   6.50000000000000       1.070000000000000E-002
   7.00000000000000       9.799000000000000E-003
   7.50000000000000       9.018999999999999E-003
   8.00000000000000       8.336000000000000E-003
   8.50000000000000       7.731000000000000E-003
   9.00000000000000       7.190000000000000E-003
   9.50000000000000       6.701000000000000E-003
   10.0000000000000       6.257000000000000E-003
   11.0000000000000       5.478000000000000E-003
   12.0000000000000       4.818000000000000E-003
   13.0000000000000       4.255000000000000E-003
   14.0000000000000       3.774000000000000E-003
   15.0000000000000       3.363000000000000E-003
   16.0000000000000       3.010000000000000E-003
   17.0000000000000       2.707000000000000E-003
   18.0000000000000       2.445000000000000E-003
   19.0000000000000       2.219000000000000E-003
   20.0000000000000       2.023000000000000E-003
( case4)
join dash
  .3894E-11   .5432E-12
  .5000E-01   .6252E-02
  .1000E+00   .1127E-01
  .1500E+00   .1531E-01
  .2000E+00   .1858E-01
  .2500E+00   .2122E-01
  .3000E+00   .2336E-01
  .3500E+00   .2508E-01
  .4000E+00   .2645E-01
  .4500E+00   .2755E-01
  .5000E+00   .2842E-01
  .5500E+00   .2910E-01
  .6000E+00   .2963E-01
  .6500E+00   .3002E-01
  .7000E+00   .3032E-01
  .7500E+00   .3052E-01
  .8000E+00   .3065E-01
  .8500E+00   .3072E-01
  .9000E+00   .3073E-01
  .9500E+00   .3070E-01
  .1000E+01   .3063E-01
  .1050E+01   .3052E-01
  .1100E+01   .3038E-01
  .1150E+01   .3022E-01
  .1200E+01   .3003E-01
  .1250E+01   .2982E-01
  .1300E+01   .2960E-01
  .1350E+01   .2935E-01
  .1400E+01   .2909E-01
  .1450E+01   .2882E-01
  .1500E+01   .2854E-01
  .1550E+01   .2825E-01
  .1600E+01   .2795E-01
  .1650E+01   .2765E-01
  .1700E+01   .2734E-01
  .1750E+01   .2702E-01
  .1800E+01   .2670E-01
  .1850E+01   .2638E-01
  .1900E+01   .2606E-01
  .1950E+01   .2573E-01
  .2000E+01   .2541E-01
  .2050E+01   .2508E-01
  .2100E+01   .2476E-01
  .2150E+01   .2444E-01
  .2200E+01   .2412E-01
  .2250E+01   .2381E-01
  .2300E+01   .2349E-01
  .2350E+01   .2318E-01
  .2400E+01   .2288E-01
  .2450E+01   .2258E-01
  .2500E+01   .2228E-01
  .2550E+01   .2198E-01
  .2600E+01   .2169E-01
  .2650E+01   .2141E-01
  .2700E+01   .2113E-01
  .2750E+01   .2085E-01
  .2800E+01   .2058E-01
  .2850E+01   .2032E-01
  .2900E+01   .2005E-01
  .2950E+01   .1980E-01
  .3000E+01   .1955E-01
  .3050E+01   .1930E-01
  .3100E+01   .1906E-01
  .3150E+01   .1882E-01
  .3200E+01   .1859E-01
  .3250E+01   .1836E-01
  .3300E+01   .1814E-01
  .3350E+01   .1792E-01
  .3400E+01   .1771E-01
  .3450E+01   .1750E-01
  .3500E+01   .1729E-01
  .3550E+01   .1709E-01
  .3600E+01   .1689E-01
  .3650E+01   .1670E-01
  .3700E+01   .1651E-01
  .3750E+01   .1633E-01
  .3800E+01   .1615E-01
  .3850E+01   .1597E-01
  .3900E+01   .1580E-01
  .3950E+01   .1563E-01
  .4000E+01   .1547E-01
join dotdash
  3.894000000000000E-012  1.720000000000000E-012
  0.250000000000000       3.741000000000000E-002
  0.500000000000000       4.265000000000000E-002
  0.750000000000000       4.259000000000000E-002
   1.00000000000000       4.083000000000000E-002
   1.50000000000000       3.599000000000000E-002
   2.00000000000000       3.126000000000000E-002
   2.50000000000000       2.720000000000000E-002
   3.00000000000000       2.377000000000000E-002
   3.50000000000000       2.086000000000000E-002
   4.00000000000000       1.838000000000000E-002
   4.50000000000000       1.626000000000000E-002
   5.00000000000000       1.446000000000000E-002
   5.50000000000000       1.292000000000000E-002
   6.00000000000000       1.161000000000000E-002
   6.50000000000000       1.049000000000000E-002
   7.00000000000000       9.534000000000001E-003
   7.50000000000000       8.704999999999999E-003
   8.00000000000000       7.982000000000000E-003
   8.50000000000000       7.345000000000000E-003
   9.00000000000000       6.780000000000000E-003
   9.50000000000000       6.275000000000000E-003
   10.0000000000000       5.820000000000000E-003
   11.0000000000000       5.032000000000000E-003
   12.0000000000000       4.375000000000000E-003
   13.0000000000000       3.823000000000000E-003
   14.0000000000000       3.358000000000000E-003
   15.0000000000000       2.963000000000000E-003
   16.0000000000000       2.627000000000000E-003
   17.0000000000000       2.340000000000000E-003
   18.0000000000000       2.095000000000000E-003
   19.0000000000000       1.884000000000000E-003
   20.0000000000000       1.702000000000000E-003
join  dotdash (case 7)
