From: MILLER@nucthy.phys.washington.edu
Date: Mon Aug 11, 2003  6:10:48 PM US/Eastern
To: KEES@JLAB.ORG
Subject: Phys.Rev.C66:032201,2002 topd file of fig3

set dev sideways
(1.052 1.014 0.967 0.923)
(this one compares gm/mugdipole)
 (neutron) 
(from three different parameter sets) 
set font duplex
set size 10 by 10
title left size 3 lines=-.03  'G0M1/MG0D1 (neutron)'
case                          ' X X G X X          '
title bot  siz 3 ' Q223 (GeV223)'
case             '  X X     X X' 
title siz 3  6 8.1 'no P set 3'
case               '   G      '
(title siz 3  7 8.1 '3.5')
set limit y from 0.70 to 1.30 (15)
set limit x from 0.0 to 10(0)
set order x y dy
(anklin)
0.071 0.99 .013 
0.125 .967 .013
0.359 .989 .014
0.894 1.062 0.017
0.19 .998 0.13 (gao)
0.1 .962 0.018 (xu)
0.2 0.959 0.018 (xu)
 1.75  1.052 0.052
( 0.044 0.061 0.081)
2.5    1.014 0.044
3.25   0.967  0.061
4.00   0.923 0.081
(2.5  4.0  6.0  8.0  10.0)
(yrock 0.98 0.94 0.91 0.71  0.63)
(dyrock 0.043 0.046 0.047 0.12 0.15)
2.5 0.98 0.043
4.0 0.94 0.046
 6.0 0.91 0.047
8.0  0.71  0.12
10.0 0.63  0.15
(yarnold    .95  .99 .9  1.05)
(yarnolderr .09  .1  .13  .08)
(xarnold     1.   1.3 1.6  1.74)
 1.  .95  .09  
 1.3 .99   .1 
1.6   .9 .13
1.74   1.05  .08 
plot
set order x y
(case 1)
  3.894000000000000E-012   1.00000000000000     
  0.250000000000000       0.876000000000000     
  0.500000000000000       0.900000000000000     
  0.750000000000000       0.929900000000000     
   1.00000000000000       0.954500000000000     
   1.50000000000000       0.985300000000000     
   2.00000000000000       0.998200000000000     
   2.50000000000000        1.00100000000000     
   3.00000000000000       0.997700000000000     
   3.50000000000000       0.988900000000000     
   4.00000000000000       0.975200000000000     
   4.50000000000000       0.957900000000000     
   5.00000000000000       0.938300000000000     
   5.50000000000000       0.917800000000000     
   6.00000000000000       0.897300000000000     
   6.50000000000000       0.877500000000000     
   7.00000000000000       0.858900000000000     
   7.50000000000000       0.841500000000000     
   8.00000000000000       0.825200000000000     
   8.50000000000000       0.810000000000000     
   9.00000000000000       0.795500000000000     
   9.50000000000000       0.781500000000000     
   10.0000000000000       0.767900000000000     
   11.0000000000000       0.741000000000000     
   12.0000000000000       0.714500000000000     
   13.0000000000000       0.688100000000000     
   14.0000000000000       0.662100000000000     
   15.0000000000000       0.636900000000000     
   16.0000000000000       0.612700000000000     
   17.0000000000000       0.589700000000000     
   18.0000000000000       0.568000000000000     
   19.0000000000000       0.547700000000000     
   20.0000000000000       0.528700000000000     
join
(case 3)
(  3.894000000000000E-012   1.00000000000000     )
 ( 0.250000000000000       0.863500000000000     )
 ( 0.500000000000000       0.876800000000000     )
 ( 0.750000000000000       0.899600000000000     )
  ( 1.00000000000000       0.919800000000000     )
  ( 1.50000000000000       0.946800000000000     )
  ( 2.00000000000000       0.959800000000000     )
  ( 2.50000000000000       0.964900000000000     )
  ( 3.00000000000000       0.964700000000000     )
  ( 3.50000000000000       0.959600000000000     )
  ( 4.00000000000000       0.949900000000000     )
  ( 4.50000000000000       0.936600000000000     )
  ( 5.00000000000000       0.921000000000000     )
  ( 5.50000000000000       0.904300000000000     )
  ( 6.00000000000000       0.887600000000000     )
  ( 6.50000000000000       0.871400000000000     )
  ( 7.00000000000000       0.856300000000000     )
  ( 7.50000000000000       0.842200000000000     )
  ( 8.00000000000000       0.829100000000000     )
  ( 8.50000000000000       0.816900000000000     )
  ( 9.00000000000000       0.805200000000000     )
  ( 9.50000000000000       0.793900000000000     )
   (10.0000000000000       0.782700000000000     )
   (11.0000000000000       0.760300000000000     )
   (12.0000000000000       0.737500000000000     )
   (13.0000000000000       0.714300000000000     )
   (14.0000000000000       0.691100000000000     )
   (15.0000000000000       0.668300000000000     )
   (16.0000000000000       0.646300000000000     )
   (17.0000000000000       0.625200000000000     )
   (18.0000000000000       0.605200000000000     )
  ( 19.0000000000000       0.586300000000000     )
 (  20.0000000000000       0.568700000000000     )
(join dotdash)
  3.894000000000000E-012   1.00000000000000     
  0.250000000000000       0.855100000000000     
  0.500000000000000       0.862600000000000     
  0.750000000000000       0.881500000000000     
   1.00000000000000       0.899300000000000     
   1.50000000000000       0.924200000000000     
   2.00000000000000       0.937100000000000     
   2.50000000000000       0.943400000000000     
   3.00000000000000       0.945200000000000     
   3.50000000000000       0.942400000000000     
   4.00000000000000       0.935100000000000     
   4.50000000000000       0.924200000000000     
   5.00000000000000       0.910900000000000     
   5.50000000000000       0.896600000000000     
   6.00000000000000       0.882300000000000     
   6.50000000000000       0.868700000000000     
   7.00000000000000       0.856100000000000     
   7.50000000000000       0.844700000000000     
   8.00000000000000       0.834200000000000     
   8.50000000000000       0.824400000000000     
   9.00000000000000       0.815200000000000     
   9.50000000000000       0.806100000000000     
   10.0000000000000       0.797000000000000     
   11.0000000000000       0.778300000000000     
   12.0000000000000       0.758400000000000     
   13.0000000000000       0.737600000000000     
   14.0000000000000       0.716400000000000     
   15.0000000000000       0.695200000000000     
   16.0000000000000       0.674500000000000     
   17.0000000000000       0.654700000000000     
   18.0000000000000       0.635800000000000     
   19.0000000000000       0.618000000000000     
   20.0000000000000       0.601300000000000     
( case4)
join dash
  (3.894000000000000E-012   1.00000000000000     )
  (0.250000000000000       0.880500000000000     )
  (0.500000000000000       0.897700000000000     )
 ( 0.750000000000000       0.921200000000000     )
(   1.00000000000000       0.940300000000000     )
   (1.50000000000000       0.962500000000000     )
  ( 2.00000000000000       0.969000000000000     )
   (2.50000000000000       0.967100000000000     )
  ( 3.00000000000000       0.960000000000000     )
 (  3.50000000000000       0.948400000000000     )
(   4.00000000000000       0.932600000000000     )
(   4.50000000000000       0.913700000000000     )
(   5.00000000000000       0.892900000000000     )
(   5.50000000000000       0.871400000000000     )
(   6.00000000000000       0.850200000000000     )
(   6.50000000000000       0.830000000000000     )
(   7.00000000000000       0.811000000000000     )
(   7.50000000000000       0.793500000000000     )
(   8.00000000000000       0.777100000000000     )
 (  8.50000000000000       0.761900000000000     )
(   9.00000000000000       0.747400000000000     )
(   9.50000000000000       0.733600000000000     )
(   10.0000000000000       0.720000000000000     )
(   11.0000000000000       0.693500000000000     )
(   12.0000000000000       0.667300000000000     )
(   13.0000000000000       0.641300000000000     )
(   14.0000000000000       0.615700000000000     )
(   15.0000000000000       0.591000000000000     )
 (  16.0000000000000       0.567300000000000     )
(   17.0000000000000       0.544800000000000     )
(   18.0000000000000       0.523600000000000     )
  ( 19.0000000000000       0.503700000000000     )
(   20.0000000000000       0.485300000000000     )
( case11)
(join)
  3.894000000000000E-012   1.00000000000000     
  0.250000000000000       0.896800000000000     
  0.500000000000000       0.929500000000000     
  0.750000000000000       0.964000000000000     
   1.00000000000000       0.991300000000000     
   1.50000000000000        1.02500000000000     
   2.00000000000000        1.03800000000000     
   2.50000000000000        1.04100000000000     
   3.00000000000000        1.03700000000000     
   3.50000000000000        1.02800000000000     
   4.00000000000000        1.01300000000000     
   4.50000000000000       0.994800000000000     
   5.00000000000000       0.974200000000000     
   5.50000000000000       0.952600000000000     
   6.00000000000000       0.931100000000000     
   6.50000000000000       0.910400000000000     
   7.00000000000000       0.890900000000000     
   7.50000000000000       0.872700000000000     
   8.00000000000000       0.855800000000000     
   8.50000000000000       0.839800000000000     
   9.00000000000000       0.824700000000000     
   9.50000000000000       0.810100000000000     
   10.0000000000000       0.795900000000000     
   11.0000000000000       0.768000000000000     
   12.0000000000000       0.740400000000000     
   13.0000000000000       0.713000000000000     
   14.0000000000000       0.686000000000000     
   15.0000000000000       0.659900000000000     
   16.0000000000000       0.634800000000000     
   17.0000000000000       0.610900000000000     
   18.0000000000000       0.588400000000000     
   19.0000000000000       0.567300000000000     
   20.0000000000000       0.547600000000000     
join dotdash (case 7)
  3.894000000000000E-012   1.00000000000000     
  0.250000000000000        1.09300000000000     
  0.500000000000000        1.15700000000000     
  0.750000000000000        1.20100000000000     
   1.00000000000000        1.23300000000000     
   1.50000000000000        1.27000000000000     
   2.00000000000000        1.28600000000000     
   2.50000000000000        1.29100000000000     
   3.00000000000000        1.29000000000000     
   3.50000000000000        1.28300000000000     
   4.00000000000000        1.27000000000000     
   4.50000000000000        1.25300000000000     
   5.00000000000000        1.23300000000000     
   5.50000000000000        1.21200000000000     
   6.00000000000000        1.19100000000000     
   6.50000000000000        1.17200000000000     
   7.00000000000000        1.15400000000000     
   7.50000000000000        1.13700000000000     
   8.00000000000000        1.12200000000000     
   8.50000000000000        1.10900000000000     
   9.00000000000000        1.09600000000000     
   9.50000000000000        1.08300000000000     
   10.0000000000000        1.07000000000000     
   11.0000000000000        1.04500000000000     
   12.0000000000000        1.01700000000000     
   13.0000000000000       0.989100000000000     
   14.0000000000000       0.960300000000000     
   15.0000000000000       0.931700000000000     
   16.0000000000000       0.903800000000000     
   17.0000000000000       0.877000000000000     
   18.0000000000000       0.851600000000000     
   19.0000000000000       0.827700000000000     
   20.0000000000000       0.805300000000000     
   21.0000000000000       0.784400000000000     
   22.0000000000000       0.765100000000000     
   23.0000000000000       0.747300000000000     
   24.0000000000000       0.730900000000000     
   25.0000000000000       0.715800000000000     
   26.0000000000000       0.702100000000000     
   27.0000000000000       0.689700000000000     
   28.0000000000000       0.678500000000000     
   29.0000000000000       0.668300000000000     
   30.0000000000000       0.659100000000000     
   31.0000000000000       0.650800000000000     
   32.0000000000000       0.643200000000000     
join dash (nopi)
