From: MILLER@nucthy.phys.washington.edu
Date: Mon Aug 11, 2003  6:12:12 PM US/Eastern
To: KEES@JLAB.ORG
Subject: Phys.Rev.C66:032201,2002 topd file of fig4

set device sideways
(this one compares Q F_2 /kappa F_1 from two different parameter sets) 
                        (paper norm)
set font duplex
set size 10 by 10
title left size 3 lines=-.03  'QF021/KF011'
case                          '  X X G X X'
title bot  siz 3 ' Q223 (GeV223)'
case             '  X X     X X' 
title siz 3  6 8.4071 'no P set 3'
case               '   G      '
(title siz 3  7 8.1 '3.5')
set limit y from 0.40 to 1.0
set limit x from 0.0 to 10
set order x y dy
0.4900000      0.5266318      0.1693849E-01
0.7900000      0.5796237      0.1570279E-01
 1.180000      0.6460565      0.2083044E-01
 1.480000      0.6867833      0.3327197E-01
 1.770000      0.7191230      0.3705375E-01
 1.880000      0.7173477      0.4563351E-01
 2.470000      0.6751589      0.3934832E-01
 2.970000      0.7068735      0.3602167E-01
 3.470000      0.6755330      0.3320171E-01
 3.500000      0.6932011      0.3896916E-01
 3.970000      0.7073839      0.2657866E-01
 4.750000      0.7055046      0.2501962E-01
 5.540000      0.7073231      0.3983998E-01
plot
set order x y
(case 1)
  3.894000000000000E-012  1.973000000000000E-006
  0.250000000000000       0.377000000000000     
  0.500000000000000       0.478200000000000     
  0.750000000000000       0.542200000000000     
   1.00000000000000       0.587500000000000     
   1.50000000000000       0.647200000000000     
   2.00000000000000       0.683900000000000     
   2.50000000000000       0.708500000000000     
   3.00000000000000       0.726700000000000     
   3.50000000000000       0.740700000000000     
   4.00000000000000       0.751300000000000     
   4.50000000000000       0.758900000000000     
   5.00000000000000       0.763800000000000     
   5.50000000000000       0.766700000000000     
   6.00000000000000       0.768200000000000     
   6.50000000000000       0.768700000000000     
   7.00000000000000       0.768800000000000     
   7.50000000000000       0.768700000000000     
   8.00000000000000       0.768700000000000     
   8.50000000000000       0.768900000000000     
   9.00000000000000       0.769300000000000     
   9.50000000000000       0.769900000000000     
   10.0000000000000       0.770500000000000     
   11.0000000000000       0.771700000000000     
   12.0000000000000       0.772300000000000     
   13.0000000000000       0.772000000000000     
   14.0000000000000       0.770600000000000     
   15.0000000000000       0.768200000000000     
   16.0000000000000       0.765000000000000     
   17.0000000000000       0.761100000000000     
   18.0000000000000       0.756700000000000     
   19.0000000000000       0.751900000000000     
   20.0000000000000       0.746800000000000     
join
(case 3)
(  3.894000000000000E-012  1.973000000000000E-006 )
(  0.250000000000000       0.377900000000000      )
(  0.500000000000000       0.477200000000000      )
(  0.750000000000000       0.539000000000000      ) 
(   1.00000000000000       0.582200000000000      )
(   1.50000000000000       0.638400000000000      )
(   2.00000000000000       0.672300000000000      )
(   2.50000000000000       0.694900000000000      )
(   3.00000000000000       0.711400000000000      )
(   3.50000000000000       0.724100000000000      )
(   4.00000000000000       0.733500000000000      )
(   4.50000000000000       0.740100000000000      )
(   5.00000000000000       0.744200000000000      )
(   5.50000000000000       0.746300000000000      ) 
(   6.00000000000000       0.747200000000000      )
(   6.50000000000000       0.747200000000000      )
(   7.00000000000000       0.746800000000000      )
(   7.50000000000000       0.746400000000000      )
 (  8.00000000000000       0.746100000000000      )
  ( 8.50000000000000       0.746100000000000      )
   (9.00000000000000       0.746400000000000      )
(   9.50000000000000       0.746800000000000      )
 (  10.0000000000000       0.747300000000000      )
  ( 11.0000000000000       0.748200000000000      )
   (12.0000000000000       0.748500000000000      )
(   13.0000000000000       0.747900000000000      )
 (  14.0000000000000       0.746200000000000      )
  ( 15.0000000000000       0.743500000000000      )
   (16.0000000000000       0.740000000000000      )
(   17.0000000000000       0.735800000000000     )
 (  18.0000000000000       0.731200000000000     )
  ( 19.0000000000000       0.726200000000000     )
   (20.0000000000000       0.721100000000000     )
(join dotdash)
  3.894000000000000E-012  1.973000000000000E-006
  0.250000000000000       0.377700000000000     
  0.500000000000000       0.476500000000000     
  0.750000000000000       0.537700000000000     
   1.00000000000000       0.580500000000000     
   1.50000000000000       0.636500000000000     
   2.00000000000000       0.670300000000000     
   2.50000000000000       0.692900000000000     
   3.00000000000000       0.709600000000000     
   3.50000000000000       0.722500000000000     
   4.00000000000000       0.732200000000000     
   4.50000000000000       0.738900000000000     
   5.00000000000000       0.743100000000000     
   5.50000000000000       0.745400000000000     
   6.00000000000000       0.746300000000000     
   6.50000000000000       0.746500000000000     
   7.00000000000000       0.746300000000000     
   7.50000000000000       0.746100000000000     
   8.00000000000000       0.746200000000000     
   8.50000000000000       0.746500000000000     
   9.00000000000000       0.747100000000000     
   9.50000000000000       0.748000000000000     
   10.0000000000000       0.748900000000000     
   11.0000000000000       0.750500000000000     
   12.0000000000000       0.751400000000000     
   13.0000000000000       0.751200000000000     
   14.0000000000000       0.749800000000000     
   15.0000000000000       0.747300000000000     
   16.0000000000000       0.743900000000000     
   17.0000000000000       0.739900000000000     
   18.0000000000000       0.735300000000000     
   19.0000000000000       0.730400000000000     
   20.0000000000000       0.725300000000000     
( case4)
join dash
  3.894000000000000E-012  1.973000000000000E-006
  0.250000000000000       0.382700000000000     
  0.500000000000000       0.488100000000000     
  0.750000000000000       0.554800000000000     
   1.00000000000000       0.602000000000000     
   1.50000000000000       0.664300000000000     
   2.00000000000000       0.702400000000000     
   2.50000000000000       0.728100000000000     
   3.00000000000000       0.747000000000000     
   3.50000000000000       0.761600000000000     
   4.00000000000000       0.772600000000000     
   4.50000000000000       0.780500000000000     
   5.00000000000000       0.785700000000000     
   5.50000000000000       0.788700000000000     
   6.00000000000000       0.790300000000000     
   6.50000000000000       0.790900000000000     
   7.00000000000000       0.791000000000000     
   7.50000000000000       0.791000000000000     
   8.00000000000000       0.791000000000000     
   8.50000000000000       0.791300000000000     
   9.00000000000000       0.791700000000000     
   9.50000000000000       0.792300000000000     
   10.0000000000000       0.793000000000000     
   11.0000000000000       0.794300000000000     
   12.0000000000000       0.794900000000000     
   13.0000000000000       0.794600000000000     
   14.0000000000000       0.793200000000000     
   15.0000000000000       0.790700000000000     
   16.0000000000000       0.787400000000000     
   17.0000000000000       0.783400000000000     
   18.0000000000000       0.778900000000000     
   19.0000000000000       0.773900000000000     
   20.0000000000000       0.768700000000000     
 join dotdash (case 7 qf2of1)
  3.894000000000000E-012  1.973000000000000E-006
  0.250000000000000       0.455300000000000     
  0.500000000000000       0.594800000000000     
  0.750000000000000       0.679900000000000     
   1.00000000000000       0.738500000000000     
   1.50000000000000       0.814100000000000     
   2.00000000000000       0.859600000000000     
   2.50000000000000       0.889900000000000     
   3.00000000000000       0.912400000000000     
   3.50000000000000       0.929800000000000     
   4.00000000000000       0.942800000000000     
   4.50000000000000       0.952000000000000     
   5.00000000000000       0.957800000000000     
   5.50000000000000       0.961100000000000     
   6.00000000000000       0.962600000000000     
   6.50000000000000       0.963000000000000     
   7.00000000000000       0.963000000000000     
   7.50000000000000       0.963000000000000     
   8.00000000000000       0.963200000000000     
   8.50000000000000       0.963800000000000     
   9.00000000000000       0.964700000000000     
   9.50000000000000       0.965800000000000     
   10.0000000000000       0.967100000000000     
   11.0000000000000       0.969400000000000     
   12.0000000000000       0.970700000000000     
   13.0000000000000       0.970500000000000     
   14.0000000000000       0.968700000000000     
   15.0000000000000       0.965600000000000     
   16.0000000000000       0.961300000000000     
   17.0000000000000       0.956100000000000     
   18.0000000000000       0.950300000000000     
   19.0000000000000       0.944000000000000     
   20.0000000000000       0.937400000000000     
   21.0000000000000       0.930600000000000     
   22.0000000000000       0.923900000000000     
   23.0000000000000       0.917200000000000     
   24.0000000000000       0.910700000000000     
   25.0000000000000       0.904500000000000     
   26.0000000000000       0.898600000000000     
   27.0000000000000       0.893100000000000     
   28.0000000000000       0.888100000000000     
   29.0000000000000       0.883700000000000     
   30.0000000000000       0.879800000000000     
   31.0000000000000       0.876500000000000     
   32.0000000000000       0.873700000000000     
join dash (no pi)
