From: MILLER@nucthy.phys.washington.edu
Date: Mon Aug 11, 2003  6:13:30 PM US/Eastern
To: KEES@JLAB.ORG
Subject: Phys.Rev.C66:032201,2002 topd file of fig5

set device sideways 
(1.052 1.014 0.967 0.923)
(this one compares gm/mugdipole)
(proton)
(from 3 different parameter sets) 
set font duplex
set size 10 by 10
title left size 3 lines=-.03  'G0M1/MG0D1 (proton)'
case                          ' X X G X X         '
title bot  siz 3 ' Q223 (GeV223)'
case             '  X X     X X' 
title siz 3  3.6 8.1 'no P set 3'
case               '   G      '
(title siz 3  7 8.1 '3.5')
set limit y from 0.400 to 1.35
set limit x from 0.0 to 32
set order x y dy
(xandi 1.75 2.5 3.25 4. 5. 6. 7.)
(yandi 1.267 1.266 1.263 1.253 1.235 1.212 1.202)
(yandierr .01 .01 .01 .01 .01 .011 .013)
1.75  1.05 .01
2.5 1.054 .01
 3.25 1.45263 .01 
4. 1.031 .01
5. 1.012 .01
 6. 0.987 .011
 7.  0.959 .013
8.83  0.916 .023
( ybart 1.206 1.256 1.252 1.265 1.252 1.252)
(ybartelerr 0.082 0.055 0.094 0.055 0.11 0.26)
(xbartel    1.    1.    1.17  1.53  1.80 2.70)
 (1.   1.206 0.082 )  
(1.    1.256 0.055)
(1.17   1.252 0.094)
(1.53  1.265 0.055)
( 1.80   1.252 0.11)
(2.70  1.252 0.26)
(ylitt 1.271 1.270 1.264 1.272)
(ylitterr .022 .022 .022 .022)
(xlitt 1.5 2.0 2.5 3.75)
(1.5 1.271 .022)
(2.0 1.270 .022)
(2.5 1.264 .022)
(3.75 1.264 .022)
(ysill 1.022 1.024 1.007 1.01 0.948 0.891 0.872 0.819 0.73 0.729 .708  0.72 .923)
(ysillerr .021 .023 .019 .021 .019 .02 .02 .02 .025 .029 .033 .042 .0640)
(xsill 2.862 3.621 5.027 4.991 5.017 7.3 9.629 11.99 15.72 19.47 23.24 26.99 31.20)
 2.862 1.022 .021
3.621 1.024 .023
5.027 1.007 .019
4.991  1.01 .021
5.017 1.00 .019
7.3 0.948 .02 
9.629  0.891 .02
11.99 0.872 .02
15.72  0.819 .025
19.47 .73 .029
 23.24 .729 .033
 26.99  .708 .042
31.20 .72 .064
(wlaker )
1  1.02 0.04
2  1.035 0.03
2.5 1.03  0.03
3 1.01  0.032
plot
set order x y
(case 1)
 0.0000E+00  0.1000E+01
 0.2500E+00  0.9797E+00
 0.5000E+00  0.1029E+01
 0.7500E+00  0.1071E+01
 0.1000E+01  0.1101E+01
 0.1500E+01  0.1134E+01
 0.2000E+01  0.1145E+01
 0.2500E+01  0.1144E+01
 0.3000E+01  0.1135E+01
 0.3500E+01  0.1121E+01
 0.4000E+01  0.1101E+01
 0.4500E+01  0.1078E+01
 0.5000E+01  0.1053E+01
 0.5500E+01  0.1029E+01
 0.6000E+01  0.1004E+01
 0.6500E+01  0.9819E+00
 0.7000E+01  0.9606E+00
 0.7500E+01  0.9406E+00
 0.8000E+01  0.9215E+00
 0.8500E+01  0.9038E+00
 0.9000E+01  0.8865E+00
 0.9500E+01  0.8693E+00
 0.1000E+02  0.8522E+00
 0.1100E+02  0.8194E+00
 0.1200E+02  0.7872E+00
 0.1300E+02  0.7555E+00
 0.1400E+02  0.7249E+00
 0.1500E+02  0.6957E+00
 0.1600E+02  0.6681E+00
 0.1700E+02  0.6423E+00
 0.1800E+02  0.6183E+00
 0.1900E+02  0.5960E+00
 0.2000E+02  0.5754E+00
  21.  .556357877
  22.  .538857439
  23.  .522771337
  24.  .508001012
  25.  .49444735
  26.  .482010816
  27.  .470591187
  28.  .460087338
  29.  .450397411
  30.  .441419614
  31.  .433053732
  32.  .425203272
join
  3.894000000000000E-012   1.00000000000000     
  0.250000000000000       0.952100000000000     
  0.500000000000000       0.983600000000000     
  0.750000000000000        1.01400000000000     
   1.00000000000000        1.03700000000000     
   1.50000000000000        1.06700000000000     
   2.00000000000000        1.08000000000000     
   2.50000000000000        1.08500000000000     
   3.00000000000000        1.08400000000000     
   3.50000000000000        1.07700000000000     
   4.00000000000000        1.06600000000000     
   4.50000000000000        1.05100000000000     
   5.00000000000000        1.03400000000000     
   5.50000000000000        1.01800000000000     
   6.00000000000000        1.00100000000000     
   6.50000000000000       0.985900000000000     
   7.00000000000000       0.971800000000000     
   7.50000000000000       0.958800000000000     
   8.00000000000000       0.946600000000000     
   8.50000000000000       0.934900000000000     
   9.00000000000000       0.923400000000000     
   9.50000000000000       0.911800000000000     
   10.0000000000000       0.900100000000000     
   11.0000000000000       0.875800000000000     
   12.0000000000000       0.850500000000000     
   13.0000000000000       0.824700000000000     
   14.0000000000000       0.799100000000000     
   15.0000000000000       0.774200000000000     
   16.0000000000000       0.750400000000000     
   17.0000000000000       0.728000000000000     
   18.0000000000000       0.707000000000000     
   19.0000000000000       0.687600000000000     
   20.0000000000000       0.669600000000000     
  21.  .6531
  22.  .6379
  23.  .6241
  24.  .6115
  25.  .6001
  26.  .5897
  27.  .5803
  28.  .5717
  29.  .564
  30.  .5568
  31.  .5502
  32.  .5441
  33.  .5382
  34.  .5325
  35.  .5269
( case4)
join  dash
(  3.89391289E-12  1.)
 ( .25  .961823169)
  (.5  .999466354)
(  .75  1.03328949)
 ( 1.  1.05903782)
  (2.  1.10265081)
(  3.  1.10154467)
 ( 4.  1.07715977)
  (5.  1.03978894)
(  6.  1.00049377)
 ( 7.  .964928735)
  (8.  .933665013
  (9.  .904974697)
(  10.  .877052735)
 ( 11.  .848961876)
  (12.  .820610954)
(  13.  .792370905)
 ( 14.  .764731659)
  (15.  .738116076)
(  16.  .71281882)
 ( 17.  .689010537)
  (18.  .66676542)
(  19.  .646091129)
 ( 20.  .626953209
  (21.  .609292394)
(  22.  .593035668)
 ( 23.  .578102641)
  (24.  .564408733)
(  25.  .551866359)
 ( 26.  .540385017)
  (27.  .529870921)
(  28.  .520226706)
 ( 29.  .511351602)
  (30.  .503142377)
(  31.  .495495197)
 ( 32.  .488308362)
(case 3)
(join dotdash)
  3.894000000000000E-012   1.00000000000000     
  0.250000000000000       0.994200000000000     
  0.500000000000000        1.05000000000000     
  0.750000000000000        1.09500000000000     
   1.00000000000000        1.12700000000000     
   1.50000000000000        1.16300000000000     
   2.00000000000000        1.17600000000000     
   2.50000000000000        1.17500000000000     
   3.00000000000000        1.16700000000000     
   3.50000000000000        1.15200000000000     
   4.00000000000000        1.13200000000000     
   4.50000000000000        1.10800000000000     
   5.00000000000000        1.08300000000000     
   5.50000000000000        1.05800000000000     
   6.00000000000000        1.03300000000000     
   6.50000000000000        1.01000000000000     
   7.00000000000000       0.987600000000000     
   7.50000000000000       0.967100000000000     
   8.00000000000000       0.947700000000000     
   8.50000000000000       0.929200000000000     
   9.00000000000000       0.911300000000000     
   9.50000000000000       0.893900000000000     
   10.0000000000000       0.876700000000000     
   11.0000000000000       0.842900000000000     
   12.0000000000000       0.809500000000000     
   13.0000000000000       0.777000000000000     
   14.0000000000000       0.745500000000000     
   15.0000000000000       0.715500000000000     
   16.0000000000000       0.687100000000000     
   17.0000000000000       0.660600000000000     
   18.0000000000000       0.635800000000000     
   19.0000000000000       0.612900000000000     
   20.0000000000000       0.591700000000000     
   21.0000000000000       0.572100000000000     
   22.0000000000000       0.554100000000000     
   23.0000000000000       0.537600000000000     
   24.0000000000000       0.522400000000000     
   25.0000000000000       0.508500000000000     
   26.0000000000000       0.495700000000000     
   27.0000000000000       0.483900000000000     
   28.0000000000000       0.473100000000000     
   29.0000000000000       0.463200000000000     
   30.0000000000000       0.453900000000000     
   31.0000000000000       0.445300000000000
   32.0000000000000       0.437300000000000
join dotdash (case7 gmpodip)
  3.894000000000000E-012   1.00000000000000     
  0.250000000000000        1.10400000000000     
  0.500000000000000        1.17500000000000     
  0.750000000000000        1.22700000000000     
   1.00000000000000        1.26300000000000     
   1.50000000000000        1.30800000000000     
   2.00000000000000        1.32900000000000     
   2.50000000000000        1.33700000000000     
   3.00000000000000        1.33700000000000     
   3.50000000000000        1.33000000000000     
   4.00000000000000        1.31600000000000     
   4.50000000000000        1.29800000000000     
   5.00000000000000        1.27800000000000     
   5.50000000000000        1.25700000000000     
   6.00000000000000        1.23700000000000     
   6.50000000000000        1.21900000000000     
   7.00000000000000        1.20100000000000     
   7.50000000000000        1.18500000000000     
   8.00000000000000        1.17000000000000     
   8.50000000000000        1.15500000000000     
   9.00000000000000        1.14100000000000     
   9.50000000000000        1.12700000000000     
   10.0000000000000        1.11200000000000     
   11.0000000000000        1.08200000000000     
   12.0000000000000        1.05100000000000     
   13.0000000000000        1.01900000000000     
   14.0000000000000       0.987500000000000     
   15.0000000000000       0.956700000000000     
   16.0000000000000       0.927300000000000     
   17.0000000000000       0.899500000000000     
   18.0000000000000       0.873600000000000     
   19.0000000000000       0.849500000000000     
   20.0000000000000       0.827300000000000     
   21.0000000000000       0.806900000000000     
   22.0000000000000       0.788200000000000     
   23.0000000000000       0.771100000000000     
   24.0000000000000       0.755500000000000     
   25.0000000000000       0.741400000000000     
   26.0000000000000       0.728500000000000     
   27.0000000000000       0.716900000000000     
   28.0000000000000       0.706400000000000     
   29.0000000000000       0.696800000000000     
   30.0000000000000       0.688000000000000     
   31.0000000000000       0.679800000000000     
   32.0000000000000       0.672200000000000     
join dash (no pi)
