20487 6.47673e+07 2114123 2114123 3.26106e+07 1081268 1081268 3.11345e+07 1030851 1030851 3.18736e+07 1045906 1045906 3.18715e+07 1044787 1044787 3.0328e+07 1.55048e+07 28392 1.47948e+07 3.31026e+07 60478 3.16042e+07 0 3.31026e+07 3.31631e+07  
20488 6.46466e+07 2101448 2101448 4.57159e+07 1506025 1506025 1.78171e+07 590336 590336 3.1768e+07 1038855 1038855 3.1765e+07 1039368 1039368 3.02864e+07 2.17332e+07 73103 8.47967e+06 4.6406e+07 154878 1.8085e+07 4.26584e+06 5.06726e+07 5.0749e+07  
20489 6.46827e+07 2111911 2111911 4.17062e+07 1380217 1380217 2.19375e+07 729098 729098 3.18222e+07 1043766 1043766 3.18216e+07 1044724 1044724 3.03103e+07 1.98339e+07 37361 1.0439e+07 4.23359e+07 79514 2.22673e+07 2.23468e+07 2.22673e+07 0  
20490 6.45428e+07 2096231 2096231 2.60937e+07 854257 854257 3.74024e+07 1239012 1239012 3.17498e+07 1037193 1037193 3.17464e+07 1035900 1035900 3.01477e+07 1.23143e+07 41736 1.77916e+07 2.64874e+07 89080 3.79592e+07 3.57575e+07 6.22449e+07 6.22558e+07  
20491 6.43344e+07 2099742 2099742 2.53362e+07 837551 837551 3.79665e+07 1259687 1259687 3.16515e+07 1037359 1037359 3.16511e+07 1039108 1039108 3.01559e+07 1.20424e+07 36137 1.80774e+07 2.57193e+07 77034 3.85381e+07 3.86151e+07 3.85381e+07 0  
20492 6.44749e+07 2099730 2099730 3.03402e+07 1002401 1002401 3.30983e+07 1094803 1094803 3.17207e+07 1038458 1038458 3.17179e+07 1037866 1037866 3.01654e+07 1.44205e+07 36346 1.57078e+07 3.0791e+07 78081 3.36029e+07 4.51168e+07 4.50388e+07 1.14355e+07  
20493 6.46889e+07 2092770 2092770 4.62841e+07 1529771 1529771 1.72874e+07 557832 557832 3.17876e+07 1034754 1034754 3.17839e+07 1034919 1034919 3.01605e+07 2.19893e+07 75027 8.09612e+06 4.69821e+07 160110 1.75466e+07 3.91139e+07 3.9033e+07 2.14863e+07  
20494 6.44406e+07 2100790 2100790 2.02806e+07 670814 670814 4.30487e+07 1424887 1424887 3.16624e+07 1038274 1038274 3.1667e+07 1039235 1039235 3.01845e+07 9.62747e+06 72948 2.04841e+07 2.05867e+07 156245 4.36976e+07 5.55041e+07 5.54258e+07 1.17282e+07  
20498 6.44662e+07 2096969 2096969 3.2012e+07 1055045 1055045 3.14182e+07 1039378 1039378 3.17147e+07 1036888 1036888 3.17155e+07 1036711 1036711 3.01178e+07 1.51799e+07 36439 1.49015e+07 3.2496e+07 78753 3.18914e+07 3.19702e+07 3.18914e+07 15  
20499 6.4454e+07 2092552 2092552 1.66146e+07 547065 547065 4.67266e+07 1540372 1540372 3.16706e+07 1034326 1034326 3.16706e+07 1034931 1034931 3.01318e+07 7.86561e+06 73576 2.21926e+07 1.6865e+07 157757 4.74313e+07 5.36063e+07 5.35276e+07 6.0963e+06  
20500 6.44605e+07 2095854 2095854 2.57682e+07 851535 851535 3.76582e+07 1241797 1241797 3.17126e+07 1036456 1036456 3.17138e+07 1036025 1036025 3.01192e+07 1.22118e+07 36171 1.78712e+07 2.61565e+07 77568 3.82265e+07 0 2.61565e+07 2.6234e+07  
20501 6.44351e+07 2033541 2033541 4.6308e+07 1491081 1491081 1.70154e+07 537470 537470 3.16631e+07 1005211 1005211 3.16604e+07 1005783 1005783 3.01074e+07 2.19547e+07 72977 8.07973e+06 4.70084e+07 155351 1.72714e+07 1.35415e+06 4.83625e+07 4.84398e+07  
20502 6.4514e+07 2098005 2098005 3.53567e+07 1167847 1167847 2.80421e+07 925037 925037 3.17034e+07 1037415 1037415 3.16954e+07 1037574 1037574 3.00962e+07 1.6727e+07 74352 1.32948e+07 3.58905e+07 158346 2.84652e+07 2.11125e+07 5.7003e+07 5.70818e+07  
20503 6.46443e+07 2097376 2097376 2.80239e+07 920182 920182 3.5618e+07 1175780 1175780 3.18214e+07 1037110 1037110 3.18205e+07 1037053 1037053 3.00809e+07 1.32171e+07 19503 1.68443e+07 2.84471e+07 41840 3.61553e+07 2.61724e+07 5.46195e+07 5.46257e+07  
20504 6.45543e+07 2096363 2096363 3.2742e+07 1077550 1077550 3.07742e+07 1016232 1016232 3.17594e+07 1037037 1037037 3.17567e+07 1036233 1036233 3.00919e+07 1.54705e+07 37469 1.45839e+07 3.32351e+07 80592 3.12386e+07 0 3.32351e+07 3.33157e+07  
20505 6.44686e+07 2008787 2008787 2.7822e+07 896988 896988 3.56124e+07 1109331 1109331 3.17172e+07 992915 992915 3.17172e+07 993672 993672 3.00973e+07 1.31747e+07 35905 1.68866e+07 2.82418e+07 77397 3.61494e+07 0 2.82418e+07 2.83192e+07  
20506 6.44432e+07 2086300 2086300 4.2133e+07 1383306 1383306 2.1213e+07 698305 698305 3.16757e+07 1032176 1032176 3.16702e+07 1031065 1031065 3.00852e+07 1.99583e+07 66369 1.00604e+07 4.27681e+07 142074 2.15326e+07 4.79424e+06 4.75624e+07 4.76269e+07  
20507 6.44771e+07 2091433 2091433 4.36881e+07 1438821 1438821 1.97512e+07 650008 650008 3.17207e+07 1033106 1033106 3.17186e+07 1034938 1034938 3.00863e+07 2.06883e+07 37007 9.36103e+06 4.43491e+07 79427 2.00485e+07 2.01279e+07 2.00485e+07 0  
20508 4.86994e+07 1585195 1585195 7.46606e+06 246172 246172 4.04321e+07 1336517 1336517 2.39484e+07 783575 783575 2.39498e+07 784169 784169 2.27486e+07 3.55699e+06 36347 1.91554e+07 7.57971e+06 78305 4.10411e+07 4.11197e+07 4.10414e+07 0  
20509 0 0 0 0 0 0 0 0 0 0 0 0 0 0 0 0 0 0 0 0 0 0 0 0 0  
20510 0 0 0 0 0 0 0 0 0 0 0 0 0 0 0 0 0 0 0 0 0 0 0 0 0  
20511 0 0 0 0 0 0 0 0 0 0 0 0 0 0 0 0 0 0 0 0 0 0 0 0 0 
