20487 52833.8 11904.7 0.0552158 22508.7 10942.3
20488 33833.1 52323.6 0.0508329 15256.2 30314.1
20489 66053.4 43648.9 0.041487 22273.2 24948.6
20490 57529.1 22569.3 0.0522708 26327.1 13751.1
20491 73362.9 48323.2 0.0416305 30158.3 19967.9
20492 76642.9 28037.1 0.0443678 28161.1 16298.9
20493 48006.1 34731.5 0.0476731 18040.6 25211.4
20494 40992.1 29133.8 0.0553849 25167.8 14567.2
20498 75367.8 42704.4 0.0412744 27173.5 20629.1
20499 46604.3 53853.7 0.0441081 29658.6 19016.6
20500 84525.4 21903.2 0.0461266 32043.9 13499.6
20501 71391.3 28677.3 0.0415945 22239.7 23495.7
20502 90669.8 23268.3 0.0406894 28330.1 16127.7
20503 61623.2 32812.2 0.0469841 26253.5 16979.4
20504 56576.3 29914.6 0.0480015 23257.3 17450.7
20505 107072 33285.9 0.0398094 35102.5 17613.8
20506 88752.5 53248.3 0.0363216 25754.7 28097.8
20507 78894.7 106407 0.0339618 23789.5 41132
20508 23137.9 33181.6 0.0584206 17778.4 16028.7
