20487 270 58 0.00515639 0.00492299 0.991075 0.989646 139.399 135.17 7 2195203 2091659 1.55048e+07 1.47948e+07
20488 241 146 0.00722877 0.0028171 0.985397 0.990496 163.854 103.218 7 3059460 1199869 2.17336e+07 8.47967e+06
20489 431 150 0.00659466 0.00346858 0.989441 0.990754 157.762 114.083 7 2803495 1477498 1.98339e+07 1.0439e+07
20490 234 132 0.00412594 0.00591401 0.985837 0.988948 124.258 147.845 7 1734270 2513594 1.23143e+07 1.77918e+07
20491 290 287 0.0040063 0.00600308 0.986684 0.989355 122.772 150.047 7 1697435 2554996 1.20424e+07 1.80774e+07
20492 363 145 0.00479672 0.00523432 0.987394 0.988041 133.966 139.456 7 2034200 2217135 1.44212e+07 1.57078e+07
20493 347 93 0.0073184 0.00273323 0.987681 0.979679 165.786 99.8799 7 3102631 1133086 2.19893e+07 8.09612e+06
20494 130 196 0.00320679 0.00680678 0.988945 0.988365 109.298 159.537 7 1360149 2892253 9.62747e+06 2.04841e+07
20498 377 210 0.0050619 0.00496772 0.988194 0.989895 138.069 136.466 7 2142955 2107275 1.51799e+07 1.49015e+07
20499 121 393 0.00262706 0.00738837 0.988302 0.987707 98.6965 166.514 7 1110514 3131398 7.86561e+06 2.21926e+07
20500 341 129 0.0040744 0.00595454 0.990156 0.989086 124.302 148.657 7 1727369 2525166 1.22118e+07 1.78712e+07
20501 505 73 0.0073225 0.00269037 0.966021 0.946177 164.259 97.5038 7 3029815 1092122 2.19547e+07 8.07973e+06
20502 502 102 0.00559066 0.00443402 0.990326 0.988641 145.657 128.105 7 2366454 1877683 1.6727e+07 1.32948e+07
20503 270 183 0.0044312 0.00563191 0.988776 0.990285 128.285 144.91 7 1866964 2382952 1.32171e+07 1.68443e+07
20504 290 144 0.00517703 0.00486604 0.990108 0.989243 139.173 134.097 7 2188209 2061004 1.54705e+07 1.45839e+07
20505 456 175 0.00439923 0.00563099 0.968082 0.933668 127.538 140.716 7 1822028 2252355 1.31747e+07 1.68866e+07
20506 582 176 0.00666199 0.00335413 0.984325 0.985432 158.174 111.826 7 2806492 1416263 1.99583e+07 1.00604e+07
20507 539 328 0.00690826 0.00312295 0.988945 0.987053 160.988 108.876 7 2922798 1319976 2.06883e+07 9.36103e+06
20508 83 210 0.00363681 0.00639297 0.986356 0.989964 66.0606 154.674 7 1539673 2709021 1.09268e+07 1.91554e+07
