Plane	Bar	V1p	V1b	V2p	V2b	V3p	V3b	V4p	V4b	V5p	V5b	V6p	V6b
1	0	0	0	0	1	0	1	0	1	1	1	1	1
1	1	0	0	0	1	0	1	1	0	1	2	1	2
1	2	0	1	0	2	0	2	0	2	1	1	1	3
1	3	0	2	0	3	0	3	0	3	1	2	1	4
1	4	0	3	0	4	0	4	0	4	1	3	1	5
1	5	0	4	0	5	0	5	0	5	1	4	1	6
1	6	0	5	0	6	0	6	0	6	1	5	1	7
1	7	0	6	0	7	0	7	0	7	1	6	1	8
1	8	0	7	0	8	0	10	0	10	1	7	1	9
1	9	0	8	0	9	0	10	0	11	1	8	1	10
1	10	0	9	0	11	0	12	0	12	1	9	1	11
1	11	0	9	0	12	0	13	0	13	1	10	1	12
1	12	0	13	0	14	0	14	0	14	1	11	1	13
1	13	0	13	0	14	0	15	0	15	1	12	1	14
1	14	0	14	0	15	0	16	0	16	1	13	1	15
1	15	0	15	0	16	0	17	0	17	1	14	1	16
1	16	0	16	0	17	0	18	0	18	1	15	1	17
1	17	0	17	0	18	0	19	0	19	1	16	1	18
1	18	0	18	0	19	0	20	0	22	1	17	1	19
1	19	0	19	0	20	0	22	0	22	1	18	1	20
1	20	0	20	0	21	0	22	0	23	1	19	1	21
1	21	0	21	0	23	0	24	0	24	1	20	1	22
1	22	0	24	0	25	0	25	0	25	1	21	1	23
1	23	0	25	0	26	0	26	0	26	1	22	1	24
1	24	0	26	0	27	0	27	0	27	1	23	1	25
1	25	0	27	0	28	0	28	0	28	1	24	1	26
1	26	0	27	0	28	0	29	0	29	1	25	1	27
1	27	0	28	0	29	0	30	0	30	1	26	1	28
1	28	0	29	0	30	0	31	0	31	1	27	1	29
1	29	0	30	0	31	0	31	0	31	1	28	1	28
2	0	1	0	1	1	2	1	2	1	2	1	2	1
2	1	1	1	1	2	2	0	2	2	2	2	2	2
2	2	1	2	1	3	2	1	2	3	2	3	2	3
2	3	1	3	1	4	1	5	2	2	2	4	2	4
2	4	1	4	1	5	1	6	2	3	2	5	2	5
2	5	1	6	1	7	2	4	2	6	2	6	2	6
2	6	1	7	1	8	2	5	2	7	2	7	2	7
2	7	1	8	1	9	1	10	2	6	2	8	2	8
2	8	1	9	1	10	1	11	2	7	2	9	2	9
2	9	1	11	1	12	2	8	2	10	2	10	2	10
2	10	1	12	1	13	2	9	2	11	1	11	1	14
2	11	1	13	1	14	1	15	2	10	2	12	2	12
2	12	1	14	1	15	1	16	2	11	2	13	2	13
2	13	1	16	1	17	2	12	2	14	2	14	2	14
2	14	1	17	1	18	2	13	2	15	2	15	2	15
2	15	1	18	1	19	1	20	2	14	2	16	2	16
2	16	1	19	1	20	1	21	2	15	2	17	2	17
2	17	1	21	1	22	2	16	2	18	2	18	2	18
2	18	1	22	1	23	1	23	2	17	2	19	2	19
2	19	1	23	1	24	1	25	2	18	2	20	2	20
2	20	1	24	1	25	1	26	2	19	2	21	2	21
2	21	1	26	1	27	1	27	2	20	2	22	2	22
2	22	1	27	1	28	1	28	2	21	2	23	2	23
2	23	1	28	1	29	1	29	2	22	2	22	2	22
3	0	2	0	2	1	2	1	2	1	3	1	3	1
3	1	2	1	2	2	2	2	2	2	3	0	3	2
3	2	2	2	2	3	2	3	2	3	3	1	3	3
3	3	2	3	2	4	2	4	2	4	3	2	3	4
3	4	2	4	2	5	2	6	2	6	3	3	3	5
3	5	2	5	2	6	2	7	2	7	3	4	3	6
3	6	2	7	2	8	2	8	2	8	3	5	3	7
3	7	2	8	2	9	2	9	2	9	3	6	3	8
3	8	2	9	2	10	2	10	2	10	3	7	3	9
3	9	2	10	2	11	2	11	2	11	3	8	3	10
3	10	2	11	2	12	2	12	2	12	3	9	3	11
3	11	2	11	2	12	2	12	2	12	3	10	3	12
3	12	2	12	2	13	2	14	2	14	3	11	3	13
3	13	2	13	2	14	2	14	2	14	3	12	3	14
3	14	2	14	2	15	2	15	2	15	3	13	3	15
3	15	2	15	2	16	2	16	2	16	3	14	3	16
3	16	2	16	2	17	2	18	2	18	3	15	3	17
3	17	2	17	2	18	2	19	2	19	3	16	3	18
3	18	2	19	2	20	2	20	2	20	3	17	3	19
3	19	2	20	2	21	2	21	2	21	3	18	3	20
3	20	2	21	2	22	2	22	2	22	3	19	3	21
3	21	2	22	2	23	2	23	2	23	3	20	3	20
4	0	3	0	3	1	3	1	3	1	4	1	4	1
4	1	3	1	3	2	3	3	3	3	4	0	4	2
4	2	3	3	3	4	3	5	3	5	4	1	4	3
4	3	3	4	3	5	3	6	3	6	4	2	4	4
4	4	3	6	3	7	3	8	3	8	4	3	4	5
4	5	3	8	3	9	3	10	3	11	4	4	4	6
4	6	3	10	3	11	3	12	3	13	4	5	4	7
4	7	3	13	3	14	3	15	3	15	4	6	4	8
4	8	3	15	3	16	3	17	3	17	4	7	4	9
4	9	3	16	3	17	3	18	3	18	4	8	4	10
4	10	3	18	3	19	3	20	3	20	4	9	4	11
4	11	3	20	3	21	3	21	3	21	4	10	4	10
