This file contains the BCM d3 [--] Values based on Run # in run_number
0.001647 
0.001167 
0        
0.001819 
0.001252 
0.0007559
0.00195  
6.848E-05
0.002661 
0.001362 
0.002185 
0.003265 
Run Number 1603 has no end of run file
0.002642 
0.00329  
0.003425 
0.001854 
0.001312 
0.001932 
0.003148 
0.003291 
0.002571 
0.003158 
0.001651 
0.001471 
0.002489 
0.003502 
0.003181 
0.001985 
0.00193  
0.002311 
0.003543 
0.001547 
0.002448 
0.001266 
0.001965 
0.003545 
0.002694 
0.002131 
0.002494 
0.002129 
0.003215 
0.003338 
0.001754 
0.004235 
0.00201  
0.000951 
0.0003298
0        
0        
0.00283  
0.0007767
0.002973 
0.001775 
0.001315 
0.001701 
0.001409 
0.002881 
