This file contains the BCM d10 [-+] Values based on Run # in run_number
0.0005531
9.398E-05
0.001948 
0.0001213
0.0006996
0.001188 
0        
0.001879 
0.001222 
0.003486 
0.00267  
0.002533 
Run Number 1603 has no end of run file
0.002208 
0.001566 
0.001447 
0.003023 
0.003558 
0.002947 
0.001715 
0.001574 
0.002294 
0.00171  
0.003234 
0.002908 
0.002378 
0.001367 
0.001677 
0.002852 
0.002905 
0.002518 
0.001308 
0.003288 
0.002402 
0.003571 
0.002875 
0.001302 
0.002145 
0.002714 
0.002351 
0.002729 
0.00162  
0.001507 
0.003091 
0.003765 
0.002853 
0.00214  
0        
0.000285 
8.158E-05
0.001858 
0.0007243
0.001718 
0.002924 
0.003381 
0.003004 
0.003302 
0.001842 
