This file contains the BCM d1 [-+] Values based on Run # in run_number
0.0005534
9.412E-05
0.001949 
0.0001213
0.0006999
0.001188 
0        
0.00188  
0.001223 
0.003488 
0.002671 
0.002534 
Run Number 1603 has no end of run file
0.00221  
0.001567 
0.001447 
0.003024 
0.003559 
0.002948 
0.001716 
0.001574 
0.002294 
0.001711 
0.003235 
0.002909 
0.002379 
0.001368 
0.001678 
0.002853 
0.002906 
0.002519 
0.00131  
0.003289 
0.002403 
0.003572 
0.002876 
0.001302 
0.002145 
0.002715 
0.002352 
0.00273  
0.001621 
0.001508 
0.003092 
0.003766 
0.002854 
0.002141 
0        
0.0002854
8.168E-05
0.001858 
0.0007245
0.001719 
0.002925 
0.003382 
0.003005 
0.003303 
0.001844 
