This file contains the BCM d1 [0] Values based on Run # in run_number
0.004481 
0.002573 
0.003954 
0.003955 
0.003978 
0.003959 
0.003962 
0.003966 
0.0079   
0.009867 
0.009869 
0.01179  
Run Number 1603 has no end of run file
0.009861 
0.009889 
0.009919 
0.009915 
0.009911 
0.009918 
0.009891 
0.009894 
0.009892 
0.009905 
0.009925 
0.008904 
0.009896 
0.009915 
0.009884 
0.009836 
0.009829 
0.009821 
0.009881 
0.009845 
0.009864 
0.009851 
0.009844 
0.009873 
0.009858 
0.009849 
0.009855 
0.009878 
0.00985  
0.009859 
0.009853 
0.01629  
0.009889 
0.006291 
0.0006701
0.0005787
0.0001656
0.009533 
0.00306  
0.009552 
0.009554 
0.00956  
0.009565 
0.009577 
0.00962  
