This file contains the BCM d1 [-+] Values based on Run # in run_number
0.000553 
9.481E-05
0.001948 
0.0001211
0.0006995
0.001187 
0        
0.001879 
0.001222 
0.003485 
0.00267  
0.002533 
Run Number 1603 has no end of run file
0.002208 
0.001568 
0.001445 
0.003021 
0.003556 
0.002942 
0.001718 
0.001573 
0.002292 
0.001718 
0.003233 
0.002908 
0.002378 
0.001367 
0.001678 
0.002846 
0.002903 
0.00252  
0.001321 
0.003287 
0.002403 
0.003569 
0.002874 
0.001303 
0.002143 
0.002713 
0.002349 
0.002728 
0.00162  
0.001509 
0.00309  
0.003763 
0.002852 
0.002142 
0        
0.000285 
8.158E-05
0.001857 
0.0007241
0.001716 
0.002923 
0.003381 
0.002997 
0.003291 
0.001851 
