This file contains the BCM d1 [+-] Values based on Run # in run_number
0.001649 
0.001167 
0        
0.001821 
0.001254 
0.0007568
0.001952 
6.854E-05
0.002664 
0.001364 
0.002186 
0.003266 
Run Number 1603 has no end of run file
0.002643 
0.00329  
0.003429 
0.001856 
0.001313 
0.001938 
0.003148 
0.003294 
0.002575 
0.003154 
0.001653 
0.001472 
0.002491 
0.003506 
0.003184 
0.001993 
0.001932 
0.002311 
0.003535 
0.00155  
0.00245  
0.00127  
0.001968 
0.003549 
0.0027   
0.002135 
0.002499 
0.002132 
0.00322  
0.003341 
0.001757 
0.004242 
0.002013 
0.0009505
0.00033  
0        
0        
0.002832 
0.0007776
0.002977 
0.001777 
0.001317 
0.001709 
0.00142  
0.002876 
