This file contains the BCM d1 [0] Values based on Run # in run_number
0.004484 
0.002575 
0.003956 
0.003957 
0.00398  
0.003961 
0.003964 
0.003968 
0.007904 
0.009873 
0.009878 
0.0118   
Run Number 1603 has no end of run file
0.00987  
0.009895 
0.009926 
0.009922 
0.009916 
0.009925 
0.009896 
0.009899 
0.009897 
0.009908 
0.00993  
0.008908 
0.0099   
0.00992  
0.009887 
0.009842 
0.009835 
0.009825 
0.009887 
0.009846 
0.009868 
0.00985  
0.009846 
0.009876 
0.009859 
0.009851 
0.009858 
0.009882 
0.00985  
0.009861 
0.009855 
0.01629  
0.009893 
0.006292 
0.0006705
0.0005793
0.0001658
0.009538 
0.003062 
0.009557 
0.009559 
0.009565 
0.009571 
0.009583 
0.009625 
