This file contains the BCM d1 [++] Values based on Run # in run_number
0.0005538
9.386E-05
0.001949 
0.0001214
0.0007001
0.001188 
0        
0.00188  
0.001223 
0.003488 
0.002671 
0.002535 
Run Number 1603 has no end of run file
0.00221  
0.001568 
0.001447 
0.003025 
0.003559 
0.002948 
0.001717 
0.001575 
0.002295 
0.001712 
0.003236 
0.00291  
0.002379 
0.001368 
0.001678 
0.002853 
0.002907 
0.00252  
0.00131  
0.003289 
0.002402 
0.003572 
0.002876 
0.001302 
0.002146 
0.002715 
0.002352 
0.00273  
0.001621 
0.001508 
0.003092 
0.003766 
0.002854 
0.002141 
0        
0.0002854
8.167E-05
0.001859 
0.0007244
0.001719 
0.002926 
0.003383 
0.003005 
0.003303 
0.001844 
