This file contains the BCM d10 [0] Values based on Run # in run_number
0.004481 
0.002573 
0.003954 
0.003954 
0.003977 
0.003959 
0.003962 
0.003965 
0.0079   
0.009867 
0.009873 
0.0118   
Run Number 1603 has no end of run file
0.009863 
0.009889 
0.009922 
0.009917 
0.009911 
0.009919 
0.009891 
0.009894 
0.009893 
0.009901 
0.009925 
0.008904 
0.009895 
0.009915 
0.009881 
0.009835 
0.00983  
0.00982  
0.00988  
0.009841 
0.009862 
0.009846 
0.009841 
0.009871 
0.009853 
0.009843 
0.009852 
0.009877 
0.009845 
0.009856 
0.00985  
0.01629  
0.009888 
0.006289 
0.0006701
0.0005786
0.0001656
0.009534 
0.003061 
0.009552 
0.009555 
0.00956  
0.009564 
0.009576 
0.009619 
