This file contains the BCM d10 [+-] Values based on Run # in run_number
0.001649 
0.001168 
0        
0.00182  
0.001254 
0.0007563
0.001952 
6.859E-05
0.002664 
0.001363 
0.002188 
0.003269 
Run Number 1603 has no end of run file
0.002645 
0.003293 
0.00343  
0.001856 
0.001313 
0.001933 
0.003152 
0.003294 
0.002574 
0.003162 
0.001653 
0.001472 
0.002492 
0.003506 
0.003185 
0.001987 
0.001931 
0.002314 
0.003548 
0.001548 
0.002451 
0.001267 
0.001967 
0.003549 
0.002698 
0.002133 
0.002496 
0.002131 
0.003219 
0.003342 
0.001756 
0.00424  
0.002012 
0.000952 
0.0003301
0        
0        
0.002833 
0.0007777
0.002975 
0.001777 
0.001317 
0.001702 
0.001409 
0.002884 
