This file contains the BCM d10 [--] Values based on Run # in run_number
0.001646 
0.001166 
0        
0.001818 
0.001252 
0.0007554
0.001949 
6.844E-05
0.002659 
0.001361 
0.002184 
0.003264 
Run Number 1603 has no end of run file
0.002641 
0.003288 
0.003424 
0.001853 
0.001311 
0.00193  
0.003146 
0.003289 
0.00257  
0.003157 
0.00165  
0.00147  
0.002488 
0.0035   
0.00318  
0.001983 
0.001929 
0.00231  
0.003542 
0.001546 
0.002447 
0.001265 
0.001964 
0.003543 
0.002693 
0.002129 
0.002492 
0.002128 
0.003213 
0.003337 
0.001753 
0.004233 
0.002009 
0.0009507
0.0003296
0        
0        
0.002829 
0.0007764
0.002971 
0.001774 
0.001315 
0.001699 
0.001407 
0.00288  
