This file contains the BCM d10 [++] Values based on Run # in run_number
0.0005536
9.372E-05
0.001948 
0.0001213
0.0006998
0.001188 
0        
0.001879 
0.001222 
0.003487 
0.00267  
0.002534 
Run Number 1603 has no end of run file
0.002209 
0.001567 
0.001446 
0.003024 
0.003558 
0.002947 
0.001716 
0.001574 
0.002294 
0.00171  
0.003235 
0.002909 
0.002378 
0.001367 
0.001677 
0.002852 
0.002906 
0.002518 
0.001308 
0.003288 
0.002401 
0.003572 
0.002876 
0.001302 
0.002145 
0.002714 
0.002352 
0.002729 
0.001621 
0.001507 
0.003091 
0.003765 
0.002853 
0.00214  
0        
0.0002851
8.157E-05
0.001858 
0.0007243
0.001719 
0.002925 
0.003382 
0.003005 
0.003303 
0.001842 
