This file contains the BCM d1 [+-] Values based on Run # in run_number
0.001649 
0.001169 
0        
0.001822 
0.001254 
0.0007568
0.001953 
6.862E-05
0.002665 
0.001364 
0.002189 
0.003271 
Run Number 1603 has no end of run file
0.002646 
0.003295 
0.003431 
0.001857 
0.001314 
0.001935 
0.003153 
0.003296 
0.002576 
0.003163 
0.001653 
0.001473 
0.002493 
0.003507 
0.003187 
0.001989 
0.001932 
0.002315 
0.003549 
0.001549 
0.002452 
0.001268 
0.001968 
0.003551 
0.002699 
0.002134 
0.002498 
0.002132 
0.003221 
0.003344 
0.001757 
0.004242 
0.002013 
0.0009523
0.0003302
0        
0        
0.002834 
0.000778 
0.002977 
0.001778 
0.001318 
0.001704 
0.001412 
0.002885 
