This file contains the BCM d1 [--] Values based on Run # in run_number
0.001646 
0.001166 
0        
0.001818 
0.001252 
0.0007558
0.001949 
6.84E-05 
0.00266  
0.001362 
0.002182 
0.00326  
Run Number 1603 has no end of run file
0.002639 
0.003284 
0.003423 
0.001853 
0.001311 
0.001935 
0.003142 
0.003289 
0.002571 
0.003149 
0.00165  
0.00147  
0.002487 
0.0035   
0.003179 
0.001989 
0.001929 
0.002307 
0.003529 
0.001547 
0.002446 
0.001268 
0.001965 
0.003543 
0.002695 
0.002131 
0.002495 
0.002128 
0.003214 
0.003336 
0.001754 
0.004234 
0.00201  
0.0009491
0.0003296
0        
0        
0.002828 
0.0007762
0.002972 
0.001774 
0.001314 
0.001706 
0.001418 
0.002872 
