This file contains the BCM u1 [0] Values based on Run # in run_number
0.004554 
0.002611 
0.004012 
0.004014 
0.004041 
0.004019 
0.004024 
0.004029 
0.008027 
0.01002  
0.01003  
0.01198  
Run Number 1603 has no end of run file
0.009998 
0.01003  
0.01005  
0.01005  
0.01005  
0.01004  
0.01002  
0.01004  
0.01002  
0.01002  
0.01004  
0.008995 
0.01001  
0.01001  
0.01     
0.009945 
0.009951 
0.009954 
0.009959 
0.009966 
0.009961 
0.009971 
0.009974 
0.009973 
0.009964 
0.009945 
0.009968 
0.009978 
0.009968 
0.009979 
0.009966 
0.01651  
0.009993 
0.006365 
0.0006811
0.0005825
0.0001668
0.009706 
0.003115 
0.009719 
0.009724 
0.009722 
0.00971  
0.009714 
0.009756 
