This file contains the BCM u10 [0] Values based on Run # in run_number
0.004033 
0.002314 
0.003556 
0.003557 
0.003579 
0.003561 
0.003565 
0.003569 
0.00711  
0.00888  
0.008891 
0.01062  
Run Number 1603 has no end of run file
0.008863 
0.008887 
0.008901 
0.008902 
0.008905 
0.008905 
0.008883 
0.008893 
0.008881 
0.008886 
0.008897 
0.007968 
0.008871 
0.008864 
0.008864 
0.008822 
0.008817 
0.008825 
0.008837 
0.00883  
0.008828 
0.008833 
0.008836 
0.008833 
0.008832 
0.008825 
0.008836 
0.008839 
0.008831 
0.008839 
0.00883  
0.01463  
0.008853 
0.005641 
0.0006036
0.0005191
0.0001486
0.008598 
0.002759 
0.008612 
0.008615 
0.008612 
0.008609 
0.008616 
0.008652 
