This file contains the BCM u1 [0] Values based on Run # in run_number
0.004557 
0.002614 
0.004016 
0.004018 
0.004043 
0.004022 
0.004028 
0.004032 
0.008033 
0.01003  
0.01004  
0.01199  
Run Number 1603 has no end of run file
0.01001  
0.01004  
0.01006  
0.01006  
0.01006  
0.01005  
0.01003  
0.01005  
0.01003  
0.01003  
0.01005  
0.009003 
0.01002  
0.01002  
0.01001  
0.009958 
0.00996  
0.009965 
0.009972 
0.009976 
0.009971 
0.009981 
0.009984 
0.009983 
0.009976 
0.009959 
0.009979 
0.009987 
0.009978 
0.009989 
0.009977 
0.01653  
0.01     
0.006372 
0.0006816
0.0005837
0.0001671
0.009712 
0.003117 
0.009726 
0.00973  
0.009728 
0.009717 
0.009722 
0.009764 
