This file contains the BCM u10 [--] Values based on Run # in run_number
0.001481 
0.001049 
0        
0.001636 
0.001126 
0.0006797
0.001753 
6.158E-05
0.002394 
0.001225 
0.001966 
0.002938 
Run Number 1603 has no end of run file
0.002373 
0.002955 
0.003071 
0.001664 
0.001177 
0.001736 
0.002824 
0.002956 
0.002306 
0.00283  
0.001478 
0.001315 
0.00223  
0.00313  
0.002854 
0.001778 
0.001733 
0.002075 
0.003163 
0.001387 
0.00219  
0.001136 
0.001763 
0.00317  
0.002415 
0.00191  
0.002236 
0.001904 
0.002882 
0.002991 
0.001572 
0.003803 
0.001797 
0.0008511
0.0002969
0        
0        
0.002551 
0.0006998
0.002679 
0.001599 
0.001184 
0.001532 
0.00127  
0.002588 
