This file contains the BCM u1 [+-] Values based on Run # in run_number
0.001676 
0.001184 
0        
0.00185  
0.001275 
0.0007697
0.001984 
6.956E-05
0.002709 
0.001389 
0.002221 
0.003316 
Run Number 1603 has no end of run file
0.002683 
0.003336 
0.003477 
0.001884 
0.001332 
0.001976 
0.003185 
0.003347 
0.002614 
0.003176 
0.001673 
0.001487 
0.002521 
0.003542 
0.003227 
0.002026 
0.001964 
0.002339 
0.003539 
0.001572 
0.002472 
0.001293 
0.001997 
0.003586 
0.002739 
0.002161 
0.002537 
0.002156 
0.003263 
0.003381 
0.001782 
0.004308 
0.002036 
0.000958 
0.0003357
0        
0        
0.002885 
0.0007918
0.003035 
0.001812 
0.001339 
0.001751 
0.001464 
0.002901 
