This file contains the BCM u1 [++] Values based on Run # in run_number
0.0005629
9.769E-05
0.001979 
0.0001229
0.0007113
0.001206 
0        
0.001911 
0.001242 
0.003541 
0.002721 
0.002582 
Run Number 1603 has no end of run file
0.002242 
0.001597 
0.001465 
0.003064 
0.003612 
0.00297  
0.001752 
0.001596 
0.002323 
0.001759 
0.003276 
0.002943 
0.00241  
0.001381 
0.0017   
0.002874 
0.002937 
0.002565 
0.001362 
0.003331 
0.002434 
0.003612 
0.002915 
0.00132  
0.002164 
0.002742 
0.002373 
0.002758 
0.001642 
0.001533 
0.003127 
0.003817 
0.002885 
0.002175 
0        
0.0002876
8.232E-05
0.001894 
0.0007375
0.001744 
0.002976 
0.003442 
0.00303  
0.00332  
0.001897 
