This file contains the BCM u1 [-+] Values based on Run # in run_number
0.0005623
9.793E-05
0.001978 
0.0001228
0.000711 
0.001206 
0        
0.001911 
0.001242 
0.00354  
0.00272  
0.002581 
Run Number 1603 has no end of run file
0.002241 
0.001596 
0.001465 
0.003063 
0.003612 
0.00297  
0.001751 
0.001596 
0.002323 
0.001759 
0.003275 
0.002942 
0.00241  
0.00138  
0.0017   
0.002873 
0.002936 
0.002564 
0.001361 
0.003331 
0.002434 
0.003611 
0.002915 
0.00132  
0.002164 
0.002742 
0.002373 
0.002758 
0.001642 
0.001533 
0.003127 
0.003816 
0.002885 
0.002174 
0        
0.0002875
8.231E-05
0.001893 
0.0007375
0.001744 
0.002975 
0.003441 
0.003029 
0.003319 
0.001896 
