This file contains the BCM u10 [+-] Values based on Run # in run_number
0.001484 
0.00105  
0        
0.001638 
0.001128 
0.0006805
0.001756 
6.171E-05
0.002397 
0.001227 
0.001969 
0.002942 
Run Number 1603 has no end of run file
0.002377 
0.00296  
0.003076 
0.001667 
0.001179 
0.001739 
0.002829 
0.002961 
0.00231  
0.002834 
0.00148  
0.001317 
0.002234 
0.003135 
0.002858 
0.001781 
0.001736 
0.002078 
0.003168 
0.001389 
0.002193 
0.001137 
0.001766 
0.003175 
0.00242  
0.001913 
0.00224  
0.001907 
0.002887 
0.002996 
0.001575 
0.003809 
0.0018   
0.0008523
0.0002973
0        
0        
0.002555 
0.0007009
0.002683 
0.001602 
0.001187 
0.001534 
0.001271 
0.002591 
