This file contains the BCM u1 [--] Values based on Run # in run_number
0.001674 
0.001182 
0        
0.001848 
0.001273 
0.0007688
0.001981 
6.942E-05
0.002705 
0.001387 
0.002217 
0.003311 
Run Number 1603 has no end of run file
0.002679 
0.00333  
0.003471 
0.001881 
0.00133  
0.001973 
0.00318  
0.003341 
0.002609 
0.00317  
0.00167  
0.001485 
0.002517 
0.003536 
0.003221 
0.002022 
0.001961 
0.002335 
0.003533 
0.00157  
0.002468 
0.001291 
0.001994 
0.00358  
0.002734 
0.002157 
0.002532 
0.002153 
0.003257 
0.003376 
0.001779 
0.004301 
0.002033 
0.0009567
0.0003353
0        
0        
0.00288  
0.0007905
0.00303  
0.001809 
0.001337 
0.001749 
0.001462 
0.002897 
