This file contains the BCM u10 [++] Values based on Run # in run_number
0.0004982
8.443E-05
0.001752 
0.0001091
0.0006294
0.001068 
0        
0.001691 
0.0011   
0.003137 
0.002405 
0.002281 
Run Number 1603 has no end of run file
0.001984 
0.001407 
0.001298 
0.002713 
0.003196 
0.002642 
0.001542 
0.001414 
0.002059 
0.001538 
0.0029   
0.002603 
0.002132 
0.001222 
0.001503 
0.002559 
0.002603 
0.002264 
0.001175 
0.00295  
0.00215  
0.003204 
0.002582 
0.001166 
0.001921 
0.002432 
0.002108 
0.002442 
0.001454 
0.001353 
0.00277  
0.003381 
0.002556 
0.001921 
0        
0.0002557
7.321E-05
0.001676 
0.0006527
0.001548 
0.002637 
0.003045 
0.002701 
0.002968 
0.00166  
