20598 0.126155 0.0466663
20600 -0.163707 0.0322042
20601 0.00502067 0.039945
20609 0.317212 0.0362611
20610 0.118202 0.034172
20611 0.0350567 0.0329669
20612 -0.20908 0.0319526
20613 0.160875 0.0339816
20614 0.175534 0.035444
20615 -0.00272324 0.0338109
20642 0.222593 0.0547191
20643 -0.0148589 0.0328308
20646 0.212187 0.0339619
20647 0.114133 0.0335018
20649 0.0531385 0.0325141
20650 -0.0968604 0.0333489
20651 -0.145522 0.0340459
20652 -0.0489563 0.0328539
20653 0.0320574 0.0335144
20655 0.0030421 0.0334331
20656 0.0785139 0.0328015
20657 0.219219 0.0344223
20658 0.0069086 0.033066
20659 -0.00300295 0.0335057
20660 -0.0178412 0.0330916
20662 -0.135459 0.0334733
20663 -0.115292 0.0336222
20664 -0.125758 0.0337959
20665 0.0301907 0.0328294
20666 0.052995 0.0331276
20667 -0.184769 0.0352902
20668 0.038381 0.0331371
20669 -0.077517 0.0332642
20670 0.103353 0.0338994
20671 -0.0119703 0.0333227
20672 -0.0704947 0.0377087
20673 -0.18956 0.0347546
20674 0.0434749 0.0336396
20682 0.0326179 0.0335408
20683 0.398878 0.0429324
20684 -0.0451892 0.0376993
20685 0.00721736 0.0326223
20686 0.0873914 0.0338166
20687 -0.0403908 0.0330477
20688 -0.0156474 0.0332228
20689 0.0108363 0.0323829
20691 0.00712969 0.033389
20692 0.0299655 0.033402
20693 0.0973457 0.0339795
20694 -0.159835 0.0341165
20695 -0.010087 0.0326315
20696 -0.0356788 0.0331036
20698 0.0425853 0.0330435
20699 -0.0429526 0.033672
20700 -0.131694 0.0334567
20702 -0.130222 0.0335502
20703 0.1065 0.0327673
20706 -0.129023 0.0338472
20709 0.134021 0.0339034
20710 -0.128166 0.0360812
20712 0.0132253 0.0329604
20713 0.0922797 0.0337266
20714 0.0976464 0.0332854
20715 0.0342665 0.0329272
20716 0.0046071 0.0330248
20717 -0.138489 0.0349801
20719 0.232349 0.033905
20720 -0.0930268 0.0326798
20721 -0.0412682 0.0328587
20722 0.0304407 0.0320984
20723 0.0335063 0.0322208
20724 0.029165 0.0317484
20725 0.0440226 0.0320106
20727 -0.130034 0.0342224
20729 0.0136425 0.0330223
20730 -0.36268 0.0411692
20738 0.102361 0.033734
20739 -0.0799417 0.0329921
20740 0.0562954 0.035105
20741 0.0139522 0.0353108
20745 -0.0406526 0.035101
20746 0.0876099 0.03567
20749 -0.218034 0.0414392
20750 0.204525 0.0363807
20751 0.261628 0.0398687
20752 0.0541835 0.0355149
20754 -0.145392 0.0359951
20755 0.0335825 0.0355274
20756 -0.0123152 0.0353942
20757 0.271387 0.0391613
20759 0.112571 0.0591832
