893530
418932
350741
482020
172730
424416
551105
357779
1.02182*10^6
770488
650217
766005
869355
602388
714000
582898
848744
774074
835769
709184
684510
774767
832455
872763
728501
724793
832286
896987
804889
704388
793927
814016
785984
793409
672185
587869
783284
834265
837945
703614
696827
652929
779582
852603
558919
432987
791257
820021
821271
850045
662346
780529
779254
679219
703548
815418
851365
768108
702636
633358
809501
729465
685121
868344
451346
684199
757123
733683
705809
873665
992022
836791
604006
710051
875884
865464
799990
684044
719493
688261
564578
776635
658131
794135
807969
675071
729672
620984
705040
1.1013*10^6
633492
678423
778845
781094
1.04794*10^6
181935
