57.9292
-157.849
3.14657
241.25
101.224
32.2563
-204.786
139.316
139.726
-2.38217
74.3419
-13.7855
183.965
101.689
50.265
-87.093
-125.545
-45.356
28.5408
2.72157
72.9725
185.011
6.31869
-2.67492
-16.2925
-120.896
-101.987
-110.105
28.0122
48.2897
-148.361
34.9532
-70.0556
89.9371
-10.7801
-49.5762
-156.936
38.4182
28.9941
216.406
-31.7957
6.78187
76.4203
-36.9828
-14.1765
10.3335
6.39534
26.8582
84.3107
-137.323
-9.47301
-32.5582
39.0021
-37.8836
-117.652
-115.69
99.1901
-112.622
116.597
-98.4489
12.1736
81.1262
88.1351
31.6053
4.22423
-113.181
202.122
-87.1062
-38.2221
29.5453
32.2741
28.9347
42.9624
-111.029
12.5106
-213.983
89.9495
-73.4435
45.6809
11.1899
-32.9951
68.8568
-126.97
154.527
164.596
42.9582
-112.216
26.6064
-9.83054
176.96
32.1388
