6.34348
28.634
0.0081193
72.4248
10.2834
0.64307
46.4199
20.075
22.1769
0.112554
15.2911
0.511437
35.9278
9.91918
1.87473
10.0042
20.498
3.07124
0.489053
0.0278348
4.54037
37.4311
0.0026788
0.120336
0.639416
18.527
13.5823
15.8099
0.43172
1.79431
30.03
0.806615
6.70541
7.80942
0.381808
4.40181
32.5158
1.07356
0.511917
82.6292
2.03726
0.00184869
5.42597
2.19938
0.533549
0.00468409
0.00199226
0.408383
6.81812
24.3803
0.32865
1.79074
1.05657
2.34585
17.5888
17.1258
8.92291
16.5372
13.6809
14.3721
0.0195223
6.15301
7.15369
0.606662
0.0147651
17.6863
43.5429
9.6745
2.30513
0.462137
0.596552
0.418763
1.22316
16.4151
0.0231326
81.3402
7.72189
7.20563
1.84438
0.0228033
1.97048
4.90385
29.916
28.9967
40.2721
1.64594
18.3072
0.493684
0.349857
45.0223
3.08504
