35239.4
16301.5
19441.2
19663.8
18229.8
17114.6
47159.4
21838.5
25416.7
37729.9
43015.6
36492.6
32524.1
45014.2
40064.2
7740.38
33607
37121.2
34677.1
40229.2
41668.2
37317.1
34602.1
32572.8
39573.1
39377.1
34073.1
31352.2
36056.5
40648.2
36323.5
35264.7
36403.4
36323.8
42065.7
46324
36875.2
34283
34565.4
40697
25874.5
43071.1
37084.4
33714
22543
52774.1
36448.2
35384.6
35272.3
33859.6
42455.5
37347.4
37152
41662.4
41070.7
35196.5
33786.9
37551.2
40948.1
43995.3
35496.3
38535.2
41541.8
32937.1
52431.8
41720.7
38370.6
39354.7
40633.9
32405.9
26446.1
33941.7
45188.7
40472.7
32113.5
32646.7
35683.8
41213
39521.7
41234.9
31298.4
37284.3
42736.8
36168.5
35808.3
41737.7
39665.3
27336.3
40325.2
20334.8
43729.9
42211.5
37139.8
37234.3
23894.5
34615
