20598 0.126155 0.0462461
20600 -0.163707 0.0311667
20601 0.00502067 0.0399442
20609 0.317212 0.0326805
20610 0.118202 0.0336668
20611 0.0350567 0.0329211
20612 -0.20908 0.0302279
20613 0.160875 0.0330342
20614 0.175534 0.0343611
20615 -0.00272324 0.0338106
20642 0.222593 0.0535969
20643 -0.0148589 0.0328226
20646 0.212187 0.0322949
20647 0.114133 0.0330214
20649 0.0531385 0.0324074
20650 -0.0968604 0.033002
20651 -0.145522 0.0332742
20652 -0.0489563 0.0327643
20653 0.0320574 0.0334768
20655 0.0030421 0.0334328
20656 0.0785139 0.0325702
20657 0.219219 0.032665
20658 0.0069086 0.0330642
20659 -0.00300295 0.0335054
20660 -0.0178412 0.0330798
20662 -0.135459 0.032794
20663 -0.115292 0.0331337
20664 -0.125758 0.0332169
20665 0.0301907 0.0327953
20666 0.052995 0.0330234
20667 -0.184769 0.0340829
20668 0.038381 0.0330825
20669 -0.077517 0.0330419
20670 0.103353 0.0335107
20671 -0.0119703 0.0333174
20672 -0.0704947 0.0375467
20673 -0.18956 0.0334624
20674 0.0434749 0.0335706
20682 0.0326179 0.0335019
20683 0.398878 0.0381166
20684 -0.0451892 0.0376328
20685 0.00721736 0.0326203
20686 0.0873914 0.0335384
20687 -0.0403908 0.0329871
20688 -0.0156474 0.0332138
20689 0.0108363 0.0323785
20691 0.00712969 0.0333871
20692 0.0299655 0.033369
20693 0.0973457 0.0336357
20694 -0.159835 0.0331853
20695 -0.010087 0.0326277
20696 -0.0356788 0.0330564
20698 0.0425853 0.0329761
20699 -0.0429526 0.0336047
20700 -0.131694 0.0328147
20702 -0.130222 0.0329244
20703 0.1065 0.0323399
20706 -0.129023 0.0332384
20709 0.134021 0.0332472
20710 -0.128166 0.0355184
20712 0.0132253 0.0329539
20713 0.0922797 0.0334155
20714 0.0976464 0.0329322
20715 0.0342665 0.0328834
20716 0.0046071 0.033024
20717 -0.138489 0.034301
20719 0.232349 0.0318922
20720 -0.0930268 0.0323534
20721 -0.0412682 0.0327951
20722 0.0304407 0.032063
20723 0.0335063 0.032178
20724 0.029165 0.0317155
20725 0.0440226 0.0319363
20727 -0.130034 0.0336109
20729 0.0136425 0.0330154
20730 -0.36268 0.0370434
20738 0.102361 0.0333508
20739 -0.0799417 0.0327536
20740 0.0562954 0.0349941
20741 0.0139522 0.035304
20745 -0.0406526 0.0350432
20746 0.0876099 0.0354051
20749 -0.218034 0.0400073
20750 0.204525 0.0349419
20751 0.261628 0.037704
20752 0.0541835 0.0354134
20754 -0.145392 0.0352674
20755 0.0335825 0.0354884
20756 -0.0123152 0.0353889
20757 0.271387 0.0367822
20759 0.112571 0.05892
