20894 280 899 0.00118291 0.0040296 0.935716 0.938675 33.2415 61.2536 2 172407 590112 368503 1.25733e+06
20895 3428 4240 0.00599369 0.00898402 0.753794 0.754915 102.45 122.332 1 1407108 2119938 1.8667e+06 2.80818e+06
20901 2729 3686 0.00467062 0.00707412 0.765217 0.761606 91.5969 110.982 1 1123675 1702297 1.46844e+06 2.23514e+06
20924 4139 3620 0.00729438 0.00748179 0.766295 0.762994 114.153 112.792 1 1753727 1793669 2.28858e+06 2.35083e+06
20925 4666 3623 0.00786361 0.00687974 0.765039 0.765371 119.403 109.69 1 1889715 1658558 2.47009e+06 2.167e+06
20926 4693 3866 0.00747679 0.00724936 0.766681 0.765469 117.669 112.818 1 1802475 1746411 2.35101e+06 2.28149e+06
20928 4104 4096 0.00683637 0.00792318 0.769148 0.766789 111.929 117.695 1 1655668 1913155 2.1526e+06 2.49502e+06
20931 5739 2221 0.0101991 0.0045342 0.763624 0.762736 134.644 87.6755 1 2448689 1085427 3.20667e+06 1.42307e+06
20938 4635 1244 0.00690214 0.00217327 0.858778 0.858284 118.718 65.192 1 1862767 587626 2.16909e+06 684652
20962 6471 3787 0.0083234 0.00639693 0.855308 0.854903 133.907 112.561 1 2247733 1732017 2.62798e+06 2.02598e+06
20963 3693 6681 0.00523004 0.00947072 0.854611 0.8558 104.283 140.424 1 1409203 2559237 1.64894e+06 2.99046e+06
20964 5367 3973 0.00784832 0.00695884 0.852047 0.853738 126.961 116.439 1 2112822 1880802 2.4797e+06 2.20302e+06
20967 4854 4378 0.00750726 0.00742208 0.854068 0.854142 122.658 120.416 1 2003712 1987042 2.34608e+06 2.32636e+06
20969 5100 3932 0.00757661 0.00731744 0.855767 0.854498 124.201 117.979 1 2027380 1958373 2.36908e+06 2.29184e+06
20971 5350 3691 0.00801761 0.00691947 0.852312 0.854671 127.271 114.647 1 2136303 1852226 2.50648e+06 2.16718e+06
20972 5184 4136 0.00763681 0.00721005 0.855559 0.85683 124.876 118.398 1 2042612 1933917 2.38746e+06 2.25706e+06
20978 1495 1145 0.00229876 0.00205831 0.85181 0.85344 67.9117 62.9444 1 614266 550833 721130 645427
20979 5294 3563 0.00822813 0.00660564 0.852995 0.853539 128.413 112.018 1 2203722 1772306 2.58351e+06 2.07642e+06
20982 4926 3975 0.00777133 0.00717366 0.849945 0.849177 124.189 117.013 1 2068978 1913493 2.43425e+06 2.25335e+06
21002 5078 4009 0.00794608 0.00693039 0.853887 0.854086 125.96 115.922 1 2127007 1856817 2.49097e+06 2.17404e+06
21003 1889 2390 0.00267875 0.00461332 0.852423 0.851112 74.2294 92.817 1 716909 1231832 841025 1.44732e+06
21005 5551 3577 0.00807379 0.00679065 0.852107 0.852581 128.48 113.398 1 2159085 1821453 2.53382e+06 2.1364e+06
