20894 252966 237674 0.0291235 30248.3 15846.5
20895 758742 625169 0.0114198 12962.9 9599.65
20901 763562 684152 0.0124854 14620.6 11266.8
20924 740476 634135 0.0113526 11512.9 10542
20925 775602 688057 0.0109837 11357.8 11435.3
20926 818692 696682 0.0108091 11954.4 11208
20928 780498 674193 0.0110432 12186.9 10535.5
20931 736877 642205 0.0112084 9729.64 13636.2
20938 781961 666923 0.0130421 11487.8 18923.5
20962 908967 692479 0.00987344 11301.9 11257
20963 826239 824302 0.00981809 13598.7 10077.5
20964 802586 668740 0.0103473 10957.4 10612.3
20967 757052 690590 0.0104076 10868.1 10438.9
20969 786574 628845 0.0105222 11016.2 10030.3
20971 782907 624126 0.010517 10705.7 10275.7
20972 793420 669495 0.0103584 11021.7 10412.3
20978 763493 651811 0.0194625 19749.8 19267.5
20979 754286 631942 0.0106257 10368.6 10590.3
20982 745776 652526 0.0105994 10627.7 10352
21002 748410 677293 0.0104903 10504.3 10699.9
21003 827265 608692 0.0152872 19037.6 12445.2
21005 806863 617834 0.0104668 10831.7 10333.1
