20894 0.092907 0.203854
20895 0.287712 0.0339184
20901 0.163508 0.037529
20924 0.230605 0.0337224
20925 0.178295 0.0328965
20926 0.240006 0.0321719
20928 0.217836 0.0327494
20931 0.204634 0.0370916
20938 0.236676 0.0473226
20962 0.402966 0.0299462
20963 0.00349825 0.0305577
20964 0.271171 0.0309425
20967 0.136855 0.0310053
20969 0.33218 0.0312441
20971 0.336389 0.0314927
20972 0.252515 0.0308574
20978 0.235224 0.0581805
20979 0.263085 0.0320537
20982 0.19879 0.0316426
21002 0.148693 0.0314182
21003 0.453735 0.044818
21005 0.395506 0.0314015
