459.191
964.217
626.722
760.533
856.366
920.119
979.462
865.989
796.003
874.755
333.981
927.763
866.994
890.971
945.925
899.16
862.721
926.459
890.301
894.637
929.421
843.957
914.612
890.764
913.197
892.489
884.602
875.532
927.842
911.213
802.956
910.691
903.745
870.194
900.574
703.262
827.895
883.687
888.901
542.537
703.612
939.66
874.46
915.625
905.999
953.605
897.002
896.303
866.096
859.154
939.13
912.535
915.858
881.987
893.375
888.403
931.362
872.88
869.988
768.136
920.481
879.134
902.594
922.339
916.895
817.256
869.906
936.356
926.188
970.584
963.224
992.102
975.916
853.845
917.034
590.004
878.748
918.713
811.451
802.019
811.635
785.948
582.341
755.541
629.123
792.828
771.815
792.27
798.244
652.057
285.498
