20598 1.457e+09 1.36655e+09 0.0117379 2.48315e+07 2.21313e+07
20600 1.63721e+09 1.77923e+09 0.00765346 1.58455e+07 2.23452e+07
20601 1.85351e+09 1.84879e+09 0.0100397 2.47605e+07 2.82242e+07
20609 1.64513e+09 1.39986e+09 0.00812364 2.16424e+07 1.44125e+07
20610 1.37388e+09 1.29381e+09 0.00854295 1.62538e+07 1.59983e+07
20611 1.45127e+09 1.42566e+09 0.00822495 1.56043e+07 1.82553e+07
20612 1.57212e+09 1.74841e+09 0.00768209 1.75577e+07 1.85258e+07
20613 1.43781e+09 1.32495e+09 0.00837238 1.78055e+07 1.50507e+07
20614 1.41045e+09 1.29008e+09 0.0084287 1.49841e+07 1.79163e+07
20615 1.31506e+09 1.31688e+09 0.00855263 1.53334e+07 1.65993e+07
20642 1.61855e+09 1.44537e+09 0.0116516 3.87036e+07 1.90572e+07
20643 1.40599e+09 1.41664e+09 0.00829511 1.73572e+07 1.58678e+07
20646 1.51627e+09 1.36123e+09 0.00820693 1.7138e+07 1.62673e+07
20647 1.41203e+09 1.33249e+09 0.00838326 1.7104e+07 1.54811e+07
20649 1.47067e+09 1.43151e+09 0.00818189 1.62416e+07 1.74743e+07
20650 1.36324e+09 1.43199e+09 0.0083371 1.53618e+07 1.77857e+07
20651 1.30467e+09 1.40479e+09 0.00845124 1.58719e+07 1.65229e+07
20652 1.38785e+09 1.42279e+09 0.00829084 1.69964e+07 1.60327e+07
20653 1.37284e+09 1.35067e+09 0.00844732 1.74193e+07 1.52861e+07
20655 1.34737e+09 1.34529e+09 0.00846546 1.56502e+07 1.66604e+07
20656 1.45367e+09 1.39684e+09 0.00823806 1.62832e+07 1.70132e+07
20657 1.48899e+09 1.33196e+09 0.0083166 1.77214e+07 1.54909e+07
20658 1.4076e+09 1.40267e+09 0.00829711 1.79679e+07 1.53028e+07
20659 1.33008e+09 1.33211e+09 0.00849964 1.62836e+07 1.57425e+07
20660 1.37553e+09 1.38805e+09 0.00835891 1.55932e+07 1.72103e+07
20662 1.34748e+09 1.44348e+09 0.00832005 1.63338e+07 1.65274e+07
20663 1.33079e+09 1.41106e+09 0.00839063 1.64797e+07 1.61064e+07
20664 1.32114e+09 1.4083e+09 0.00842929 1.61585e+07 1.63972e+07
20665 1.40643e+09 1.38503e+09 0.00832351 1.66841e+07 1.61939e+07
20666 1.42527e+09 1.38742e+09 0.00828543 1.55977e+07 1.76375e+07
20667 1.29247e+09 1.41972e+09 0.00848464 1.41651e+07 1.90906e+07
20668 1.38211e+09 1.35543e+09 0.00839714 1.64209e+07 1.61046e+07
20669 1.36661e+09 1.42149e+09 0.00835425 1.6976e+07 1.60507e+07
20670 1.37215e+09 1.30197e+09 0.00850456 1.69018e+07 1.53115e+07
20671 1.36117e+09 1.36947e+09 0.00841704 1.55215e+07 1.71197e+07
20672 1.33485e+09 1.38351e+09 0.00943648 1.92773e+07 1.72397e+07
20673 1.30012e+09 1.43161e+09 0.00845245 1.47457e+07 1.81934e+07
20674 1.34583e+09 1.31644e+09 0.00852091 1.6172e+07 1.59254e+07
20682 1.35796e+09 1.33565e+09 0.00847518 1.7033e+07 1.53565e+07
20683 1.69614e+09 1.38415e+09 0.00977577 2.327e+07 1.92942e+07
20684 1.32926e+09 1.36012e+09 0.00858029 1.34677e+07 2.20453e+07
20685 1.41582e+09 1.41064e+09 0.00827804 1.67252e+07 1.63839e+07
20686 1.36209e+09 1.30295e+09 0.00851442 1.66522e+07 1.5468e+07
20687 1.3679e+09 1.39625e+09 0.00835804 1.67119e+07 1.60082e+07
20688 1.3637e+09 1.37458e+09 0.00839507 1.7025e+07 1.55922e+07
20689 1.4759e+09 1.4678e+09 0.00811855 1.58126e+07 1.83097e+07
20691 1.34466e+09 1.3398e+09 0.00847336 1.61081e+07 1.60774e+07
20692 1.35667e+09 1.33618e+09 0.0084691 1.62149e+07 1.60547e+07
20693 1.39103e+09 1.32392e+09 0.0084413 1.54988e+07 1.71604e+07
20694 1.31089e+09 1.4218e+09 0.00841675 1.516e+07 1.74847e+07
20695 1.41358e+09 1.42084e+09 0.00827068 1.70025e+07 1.61938e+07
20696 1.37105e+09 1.39612e+09 0.00835075 1.70862e+07 1.5707e+07
20698 1.3928e+09 1.363e+09 0.00836798 1.63317e+07 1.63011e+07
20699 1.31993e+09 1.34904e+09 0.00849443 1.52238e+07 1.69732e+07
20700 1.38565e+09 1.48153e+09 0.00823415 1.50475e+07 1.87645e+07
20702 1.34234e+09 1.43415e+09 0.00834203 1.64907e+07 1.63062e+07
20703 1.50278e+09 1.42364e+09 0.00818381 1.67322e+07 1.7212e+07
20706 1.32528e+09 1.41506e+09 0.0084099 1.51434e+07 1.76167e+07
20709 1.41014e+09 1.31732e+09 0.00842391 1.75381e+07 1.50816e+07
20710 1.3988e+09 1.49291e+09 0.0082806 1.38867e+07 2.25181e+07
20712 1.40573e+09 1.39632e+09 0.00829369 1.5557e+07 1.75302e+07
20713 1.37143e+09 1.30863e+09 0.00847245 1.60238e+07 1.61226e+07
20714 1.42198e+09 1.35317e+09 0.00833247 1.6116e+07 1.66618e+07
20715 1.41257e+09 1.3882e+09 0.00829911 1.58028e+07 1.72146e+07
20716 1.39923e+09 1.39596e+09 0.00831919 1.76189e+07 1.54646e+07
20717 1.3533e+09 1.45195e+09 0.0082823 1.91659e+07 1.47809e+07
20719 1.56239e+09 1.3883e+09 0.00812284 1.81772e+07 1.57564e+07
20720 1.47643e+09 1.54787e+09 0.00803608 1.53105e+07 1.97459e+07
20721 1.38809e+09 1.41749e+09 0.0082954 1.56955e+07 1.73375e+07
20722 1.49796e+09 1.47498e+09 0.00808082 1.82921e+07 1.58902e+07
20723 1.48227e+09 1.45726e+09 0.00812284 1.80493e+07 1.58845e+07
20724 1.50653e+09 1.48438e+09 0.00804752 1.74014e+07 1.66649e+07
20725 1.51109e+09 1.47768e+09 0.00803972 1.62222e+07 1.79689e+07
20727 1.29749e+09 1.3861e+09 0.00853082 1.53728e+07 1.70678e+07
20729 1.40199e+09 1.39231e+09 0.00832005 1.56386e+07 1.74297e+07
20730 1.25429e+09 1.50875e+09 0.00947665 1.698e+07 2.00573e+07
20738 1.37781e+09 1.308e+09 0.00846668 1.62849e+07 1.5889e+07
20739 1.40203e+09 1.46013e+09 0.00823638 1.53534e+07 1.82953e+07
20740 1.24455e+09 1.20947e+09 0.00888371 1.57352e+07 1.51119e+07
20741 1.20527e+09 1.19676e+09 0.0089561 1.55558e+07 1.48942e+07
20745 1.23197e+09 1.25767e+09 0.00882918 1.45614e+07 1.67365e+07
20746 1.22459e+09 1.17129e+09 0.00895538 1.48925e+07 1.55269e+07
20749 1.15203e+09 1.28707e+09 0.0101383 1.73972e+07 1.76149e+07
20750 1.30787e+09 1.17873e+09 0.00880144 1.52537e+07 1.58397e+07
20751 1.36871e+09 1.19818e+09 0.00888792 2.19479e+07 1.2724e+07
20752 1.26106e+09 1.22683e+09 0.00881134 1.43847e+07 1.7064e+07
20754 1.16958e+09 1.25925e+09 0.00891898 1.41112e+07 1.67106e+07
20755 1.19687e+09 1.17663e+09 0.00900791 1.52148e+07 1.50348e+07
20756 1.18745e+09 1.1949e+09 0.00898208 1.51391e+07 1.51366e+07
20757 1.31612e+09 1.14642e+09 0.00898461 1.9883e+07 1.27685e+07
20759 1.21049e+09 1.14321e+09 0.011768 1.58571e+07 3.07868e+07
