762826
347445
414450
420746
386755
359241
992734
464546
537080
793388
902147
761866
676710
938373
830218
162143
702231
775797
722467
842562
868605
777560
723354
679669
824177
822853
712012
654672
747957
846659
755102
735375
756536
758365
876909
963610
769125
717092
719786
850696
539280
898656
774376
705093
475968
1.10808e+06
763524
737088
736348
706206
889167
778282
776968
872354
854851
735076
704386
782298
853156
917245
738999
807391
864965
688969
1.10005e+06
868849
798644
819826
844859
674476
555300
709472
943556
843263
669169
681971
744917
858915
823680
861408
658798
777692
891487
755062
745273
871016
825696
569659
842308
431252
914608
877491
772849
773170
502880
721532
