41811.1
19571.9
16455.9
22556.9
8089.01
20222.7
25913.3
16812.7
48472.6
36690.4
30926.2
36382.9
41828.9
28861.4
34299.2
27871.1
40495.6
37083
39987.4
33902.4
32696.8
37084.2
39797.8
41556.4
34923.4
34762.5
39914
42924.1
38609
33727.7
37994.1
39031.3
37623.6
37981.5
32125
28072.6
37544.4
39612.4
40061.3
33663.7
33383.1
31190.2
37401
40744.6
26739.1
20239.3
37834.3
39192.1
39246.1
40655.8
31615.3
37346.4
37367.5
32458.3
33556.2
38940.2
40634.4
36847
33702.2
30283.7
38669.8
34559.3
32833.7
41582.3
21308.1
32751.5
36242.2
35093.9
33736
41867.8
47356
40099.9
28674
33981.1
41826.1
41375.3
38257.7
32859
34184.2
33007.4
26927.4
37277.9
31413
38068.5
38738.2
32312.2
34912.7
29739.1
33789.7
52459.3
30311.5
32449.2
37386.6
37436.9
50190.2
8727
