20598 3447 3811 2.66594e-06 3.15009e-06 0.887424 0.885297 66.3174 70.278 1 318799 375734 359241 424416
20600 10690 6382 7.34602e-06 4.03651e-06 0.888837 0.888624 115.43 88.4421 1 882379 489725 992734 551105
20601 5612 4309 3.40178e-06 2.61891e-06 0.890054 0.889957 82.5712 72.3809 1 413471 318408 464546 357779
20609 5786 9367 3.95916e-06 7.55058e-06 0.888331 0.886206 84.8292 110.014 1 477105 905543 537080 1.02182e+06
20610 7153 6549 5.87719e-06 5.71526e-06 0.885872 0.885666 96.395 92.8709 1 702840 682395 793388 770488
20611 8660 6122 6.70054e-06 4.81737e-06 0.890553 0.891387 105.281 88.8032 1 803410 579595 902147 650217
20612 8027 8918 5.68445e-06 5.66736e-06 0.898214 0.900001 100.29 104.666 1 684319 689405 761866 766005
20613 6528 7738 5.06628e-06 6.51569e-06 0.89617 0.896335 91.34 100.494 1 606447 779233 676710 869355
20614 8870 5206 7.01186e-06 4.49574e-06 0.896879 0.897608 106.724 82.6741 1 841607 540708 938373 602388
20615 7363 6308 6.2408e-06 5.34279e-06 0.897157 0.896556 98.1682 90.8405 1 744836 640141 830218 714000
20642 1751 5615 1.20572e-06 4.34148e-06 0.897251 0.894815 46.7547 84.7408 1 145483 521586 162143 582898
20643 6569 7964 5.23496e-06 6.308e-06 0.892488 0.891212 92.0706 101.183 1 626733 756411 702231 848744
20646 7837 7010 5.78237e-06 5.77642e-06 0.893858 0.891512 99.6092 95.3362 1 693452 690096 775797 774074
20647 6823 7406 5.40165e-06 6.22884e-06 0.894552 0.892304 93.6963 98.2802 1 646284 745760 722467 835769
20649 8209 6729 6.2665e-06 5.28098e-06 0.89074 0.890106 102.299 92.9032 1 750504 631249 842562 709184
20650 7884 6503 6.49066e-06 5.09318e-06 0.891013 0.891628 101.173 91.3345 1 773938 610328 868605 684510
20651 6764 7237 5.81288e-06 5.77661e-06 0.891889 0.891813 94.1807 96.5194 1 693497 690947 777560 774767
20652 6675 7873 5.38997e-06 6.1993e-06 0.892325 0.892601 92.9032 100.539 1 645467 743050 723354 832455
20653 6218 7796 5.07387e-06 6.47324e-06 0.892674 0.891665 89.6437 100.782 1 606723 778212 679669 872763
20655 7420 6534 6.1643e-06 5.44002e-06 0.893371 0.892816 98.1988 92.19 1 736296 650417 824177 728501
20656 7979 6756 6.13377e-06 5.41495e-06 0.894858 0.893198 100.916 93.322 1 736337 647384 822853 724793
20657 7068 7390 5.30757e-06 6.2174e-06 0.894353 0.892368 94.7734 98.1529 1 636790 742705 712012 832286
20658 6144 8382 4.88373e-06 6.68629e-06 0.893757 0.89373 88.9101 103.966 1 585118 801664 654672 896987
20659 6679 7163 5.61652e-06 6.01412e-06 0.894061 0.894092 93.3435 96.6799 1 668719 719645 747957 804889
20660 7790 6522 6.33177e-06 5.25376e-06 0.894424 0.894347 100.573 91.7987 1 757272 629967 846659 704388
20662 6813 7633 5.65811e-06 5.91834e-06 0.8936 0.893478 94.1063 98.8231 1 674759 709356 755102 793927
20663 6528 7676 5.49318e-06 6.07991e-06 0.892991 0.894732 92.3201 99.4032 1 656683 728326 735375 814016
20664 6692 7382 5.67056e-06 5.86063e-06 0.893267 0.894404 93.4773 97.4679 1 675789 702987 756536 785984
20665 7114 7320 5.65816e-06 5.91638e-06 0.893965 0.893297 95.7079 97.2882 1 677952 708750 758365 793409
20666 8359 6208 6.55257e-06 5.00411e-06 0.895048 0.894162 103.552 89.6047 1 784876 601042 876909 672185
20667 8334 5557 7.21589e-06 4.37287e-06 0.893597 0.895101 104.571 84.4512 1 861079 526202 963610 587869
20668 7092 7090 5.74405e-06 5.84829e-06 0.893322 0.894416 95.734 95.8645 1 687076 700582 769125 783284
20669 6488 7840 5.34026e-06 6.17042e-06 0.889004 0.893836 91.7279 100.315 1 637498 745696 717092 834265
20670 6598 7228 5.38425e-06 6.24035e-06 0.893072 0.889628 92.4067 97.3396 1 642821 745459 719786 837945
20671 7699 6416 6.33937e-06 5.24379e-06 0.892225 0.893444 99.955 91.1208 1 759012 628640 850696 703614
20672 4800 6430 4.03047e-06 5.20009e-06 0.89218 0.893751 79.0696 91.1647 1 481135 622790 539280 696827
20673 7782 6215 6.70919e-06 4.8585e-06 0.89215 0.893543 101.01 89.2076 1 801736 583420 898656 652929
20674 6933 6840 5.77664e-06 5.82595e-06 0.891777 0.891845 95.0105 94.5516 1 690571 695266 774376 779582
20682 6363 7559 5.25163e-06 6.34679e-06 0.892241 0.891696 90.8955 99.3579 1 629113 760263 705093 852603
20683 5320 5144 3.51152e-06 4.16515e-06 0.893213 0.892251 81.0617 81.4739 1 425141 498696 475968 558919
20684 9752 3831 8.22062e-06 3.15268e-06 0.892441 0.893419 112.845 70.5053 1 988896 386839 1.10808e+06 432987
20685 7174 7419 5.67754e-06 5.89345e-06 0.892472 0.892398 96.0833 97.7343 1 681424 706116 763524 791257
20686 6698 7096 5.51186e-06 6.10495e-06 0.892157 0.892083 93.188 96.5505 1 657598 731527 737088 820021
20687 6707 7608 5.49437e-06 6.11336e-06 0.892396 0.891306 93.2684 99.0303 1 657114 732004 736348 821271
20688 6423 7766 5.27431e-06 6.33295e-06 0.893001 0.892113 91.2579 100.23 1 630643 758336 706206 850045
20689 8722 6450 6.61329e-06 4.92472e-06 0.893597 0.892299 105.361 90.6808 1 794557 591011 889167 662346
20691 6976 6952 5.8176e-06 5.81745e-06 0.891767 0.89194 95.3153 95.1893 1 694046 696185 778282 780529
20692 7008 6934 5.78717e-06 5.82074e-06 0.892591 0.891541 95.3572 95.0947 1 693515 694737 776968 779254
20693 8064 5970 6.48975e-06 5.05603e-06 0.89328 0.891874 101.971 88.3006 1 779256 605778 872354 679219
20694 7485 6631 6.39758e-06 5.22705e-06 0.892502 0.892242 98.9242 92.3418 1 762956 627735 854851 703548
20695 6920 7699 5.48256e-06 6.06571e-06 0.8929 0.893319 94.4352 99.549 1 656349 728428 735076 815418
20696 6446 7894 5.26299e-06 6.32962e-06 0.893314 0.893301 91.4002 100.985 1 629238 760525 704386 851365
20698 7281 7000 5.84935e-06 5.73966e-06 0.893708 0.894777 96.9639 95.2995 1 699146 687285 782298 768108
20699 7525 6334 6.37849e-06 5.24979e-06 0.893797 0.894356 99.1564 90.6863 1 762548 628407 853156 702636
20700 8489 6260 6.85315e-06 4.71729e-06 0.893949 0.895715 104.637 89.2076 1 819970 567308 917245 633358
20702 6633 7737 5.52926e-06 6.02359e-06 0.893676 0.895616 92.9355 99.6494 1 660426 725002 738999 809501
20703 8076 6855 6.00263e-06 5.3833e-06 0.895278 0.894458 101.232 93.8669 1 722839 652476 807391 729465
20706 7667 6472 6.47097e-06 5.11451e-06 0.894022 0.894252 100.005 91.2962 1 773298 612671 864965 685121
20709 6472 7620 5.13061e-06 6.47727e-06 0.894557 0.89304 91.3619 99.8449 1 616322 775466 688969 868344
20710 10158 4426 8.1673e-06 3.31916e-06 0.88915 0.893204 114.604 75.0467 1 978110 403144 1.10005e+06 451346
20712 8174 6364 6.49883e-06 5.1017e-06 0.894742 0.89337 102.64 90.6035 1 777396 611243 868849 684199
20713 7333 6598 5.97699e-06 5.64545e-06 0.894595 0.893095 97.3858 92.957 1 714463 676183 798644 757123
20714 7794 6609 6.13028e-06 5.46658e-06 0.894102 0.893447 100.1 92.693 1 733008 655507 819826 733683
20715 7999 6520 6.32954e-06 5.25506e-06 0.894649 0.893752 101.356 91.7388 1 755852 630818 844859 705809
20716 6314 8135 5.04787e-06 6.52175e-06 0.893938 0.893551 90.161 102.435 1 602940 780664 674476 873665
20717 4991 9587 4.11951e-06 7.37664e-06 0.895258 0.895104 80.5667 110.766 1 497137 887963 555300 992022
20719 7397 7759 5.2871e-06 6.24636e-06 0.895465 0.894735 96.3846 100.165 1 635307 748706 709472 836791
20720 9310 6175 7.03904e-06 4.46655e-06 0.895823 0.893163 108.959 88.2213 1 845259 539476 943556 604006
20721 7830 6702 6.30443e-06 5.29324e-06 0.894741 0.893226 100.638 92.8547 1 754502 634236 843263 710051
20722 6714 8600 5.00232e-06 6.51525e-06 0.896001 0.894913 92.3038 104.709 1 599576 783840 669169 875884
20723 6752 8404 5.08538e-06 6.44503e-06 0.89574 0.894797 92.6391 103.711 1 610869 774415 681971 865464
20724 7504 7937 5.55847e-06 5.9594e-06 0.896108 0.897242 97.5551 100.514 1 667526 717785 744917 799990
20725 8687 6784 6.41975e-06 5.11845e-06 0.895494 0.89695 104.909 92.9731 1 769153 613553 858915 684044
20727 7131 6610 6.1563e-06 5.32487e-06 0.892745 0.895567 96.8246 92.5041 1 735336 644354 823680 719493
20729 8046 6400 6.42316e-06 5.14156e-06 0.893483 0.894027 101.912 90.8515 1 769653 615324 861408 688261
20730 5462 5673 4.87535e-06 4.19448e-06 0.893199 0.896434 85.0235 84.7998 1 588438 506107 658798 564578
20738 7166 6784 5.80778e-06 5.80678e-06 0.895523 0.893185 96.2601 94.3027 1 696441 693679 777692 776635
20739 8348 6393 6.65711e-06 4.8932e-06 0.894418 0.894787 103.658 90.4655 1 797362 588887 891487 658131
20740 6262 6409 5.63397e-06 5.92993e-06 0.89307 0.893602 91.3126 92.8116 1 674323 709641 755062 794135
20741 6009 6458 5.57786e-06 6.03425e-06 0.893817 0.894267 89.8666 93.2845 1 666138 722540 745273 807969
20745 7165 5663 6.50148e-06 5.03327e-06 0.89455 0.894605 97.7548 86.7871 1 779167 603922 871016 675071
20746 6768 5701 6.17866e-06 5.43835e-06 0.894493 0.894994 95.1367 87.8977 1 738579 653052 825696 729672
20749 4389 5340 4.25818e-06 4.63246e-06 0.8947 0.895629 77.2852 84.0357 1 509674 556171 569659 620984
20750 7359 5550 6.28146e-06 5.26342e-06 0.895763 0.894563 98.4073 86.7237 1 754508 630703 842308 705040
20751 3893 8766 3.16755e-06 8.17159e-06 0.897944 0.895311 71.1548 108.706 1 387240 986006 431252 1.1013e+06
20752 7693 5187 6.81181e-06 4.72162e-06 0.895568 0.895446 101 83.3007 1 819094 567258 914608 633492
20754 6876 5695 6.57529e-06 5.05461e-06 0.894112 0.894735 96.4676 87.023 1 784575 607009 877491 678423
20755 6194 6130 5.78527e-06 5.82371e-06 0.894545 0.894586 91.3345 91.0824 1 691348 696744 772849 778845
20756 6158 6237 5.79999e-06 5.83155e-06 0.894125 0.895079 91.0549 91.7333 1 691311 699141 773170 781094
20757 4386 8002 3.72205e-06 7.81813e-06 0.895347 0.892794 75.9342 104.489 1 450252 935595 502880 1.04794e+06
20759 5833 1388 5.39198e-06 1.3594e-06 0.89368 0.893132 88.6115 43.3935 1 644819 162492 721532 181935
