807606
378400
316966
435628
155964
375734
489725
318408
905543
682395
579595
689405
779233
540708
640141
521586
756411
690096
745760
631249
610328
690947
743050
778212
650417
647384
742705
801664
719645
629967
709356
728326
702987
708750
601042
526202
700582
745696
745459
628640
622790
583420
695266
760263
498696
386839
706116
731527
732004
758336
591011
696185
694737
605778
627735
728428
760525
687285
628407
567308
725002
652476
612671
775466
403144
611243
676183
655507
630818
780664
887963
748706
539476
634236
783840
774415
717785
613553
644354
615324
506107
693679
588887
709641
722540
603922
653052
556171
630703
986006
567258
607009
696744
699141
935595
162492
