689034
313895
374486
380239
349528
318799
882379
413471
477105
702840
803410
684319
606447
841607
744836
145483
626733
693452
646284
750504
773938
693497
645467
606723
736296
736337
636790
585118
668719
757272
674759
656683
675789
677952
784876
861079
687076
637498
642821
759012
481135
801736
690571
629113
425141
988896
681424
657598
657114
630643
794557
694046
693515
779256
762956
656349
629238
699146
762548
819970
660426
722839
773298
616322
978110
777396
714463
733008
755852
602940
497137
635307
845259
754502
599576
610869
667526
769153
735336
769653
588438
696441
797362
674323
666138
779167
738579
509674
754508
387240
819094
784575
691348
691311
450252
644819
