20598 0.0337532 0.0285424
20600 -0.0809379 0.0192441
20601 -0.00709052 0.024026
20609 0.151793 0.0213334
20610 0.0384671 0.0208633
20611 0.0100853 0.0202878
20612 -0.103283 0.0190148
20613 0.0753093 0.0207274
20614 0.0939704 0.0218471
20615 0.019659 0.0210495
20642 0.142823 0.0330332
20643 -0.0122434 0.0203089
20646 0.11148 0.0207291
20647 0.0506405 0.0205491
20649 0.0242045 0.0200275
20650 -0.0419371 0.0205293
20651 -0.0659161 0.020747
20652 -0.0217211 0.0202492
20653 0.0165668 0.0207306
20655 -0.00735576 0.0206234
20656 0.0311055 0.0201773
20657 0.115825 0.0208726
20658 -0.000839507 0.0204894
20659 -0.0112566 0.020841
20660 0.000364007 0.0206672
20662 -0.0581456 0.0205202
20663 -0.0336531 0.020515
20664 -0.0664976 0.0208343
20665 0.00501514 0.0203829
20666 0.0200069 0.0205773
20667 -0.103504 0.0216383
20668 0.0172061 0.0205711
20669 -0.045493 0.0204492
20670 0.0742131 0.0210892
20671 -0.0159832 0.0205677
20672 -0.0406157 0.0234445
20673 -0.0909382 0.0211462
20674 0.0143506 0.0208814
20682 0.01613 0.0207024
20683 0.209129 0.0252695
20684 -0.0239551 0.023215
20685 0.0145425 0.0200649
20686 0.0305585 0.0208332
20687 -0.0259319 0.02042
20688 -0.0227341 0.0206078
20689 0.0141236 0.0199017
20691 0.02182 0.0206794
20692 0.0294876 0.0209302
20693 0.0567285 0.0209304
20694 -0.0822235 0.0208812
20695 0.00590073 0.0202413
20696 -0.0161982 0.0203044
20698 0.0274909 0.020455
20699 -0.0223205 0.0208907
20700 -0.0334004 0.0202758
20702 -0.0364725 0.0204858
20703 0.0459537 0.0199646
20706 -0.0641919 0.0207942
20709 0.0614594 0.0207844
20710 -0.0823796 0.0220748
20712 0.0021913 0.0203193
20713 0.0486791 0.0207713
20714 0.0411928 0.0206013
20715 0.0238343 0.0202297
20716 0.00225417 0.0204579
20717 -0.0683658 0.021445
20719 0.112092 0.020304
20720 -0.0440721 0.0199385
20721 -0.0226421 0.0202633
20722 0.0174132 0.0197356
20723 -0.00851521 0.0198636
20724 0.0075344 0.0195232
20725 0.0203858 0.0195464
20727 -0.0492133 0.020979
20729 0.00403741 0.0204576
20730 -0.186593 0.0244364
20738 0.042261 0.0207406
20739 -0.0305467 0.0203327
20740 0.0417182 0.0221257
20741 -0.0089331 0.0222284
20745 -0.0438822 0.0219315
20746 0.022583 0.0220231
20749 -0.129634 0.0261891
20750 0.0988202 0.0224365
20751 0.129548 0.0243816
20752 0.0258636 0.0223062
20754 -0.0709477 0.0224295
20755 0.0141341 0.0224849
20756 0.000380372 0.0224453
20757 0.135764 0.0240302
20759 0.0836214 0.0377981
