20579 1.62251e+08 658950 668584 7.31086e+07 301261 305719 8.6357e+07 356082 361237 7.9736e+07 324983 329743 7.97296e+07 326462 331219 1.66039e+06 762826 4038 893530 7.42038e+07 396772 8.76506e+07 1.51617e+08 1.51536e+08 1.06567e+08
20580 7.5375e+07 306393 310917 3.36409e+07 138498 140502 4.04652e+07 167234 169742 3.70527e+07 151707 153911 3.70535e+07 151282 153547 768064 347445 1687 418932 3.41464e+07 163924 4.10647e+07 7.22416e+07 7.21593e+07 3.10946e+07
20581 7.52332e+07 306248 310729 4.01108e+07 165547 167925 3.39294e+07 140370 142469 3.70205e+07 151599 153836 3.70196e+07 151203 153399 766017 414450 826 350741 4.07114e+07 79783 3.4442e+07 0 4.07114e+07 4.07912e+07
20582 8.86892e+07 360774 366185 4.06394e+07 167257 169844 4.65702e+07 192815 195631 4.36047e+07 178003 180717 4.36049e+07 178795 181423 904425 420746 1659 482020 4.12549e+07 169678 4.72647e+07 6.35755e+06 4.76124e+07 4.77028e+07
20583 5.5202e+07 223933 227285 3.76171e+07 154898 157287 1.67026e+07 68785 69743 2.71617e+07 110649 112279 2.7158e+07 110799 112480 560147 386755 662 172690 3.81765e+07 68796 1.69527e+07 0 3.81765e+07 3.82493e+07
20598 7.79483e+07 310596 315457 3.51562e+07 142123 144399 4.15117e+07 167964 170538 3.83344e+07 153593 155916 3.83335e+07 153694 156185 784928 359241 1271 424416 3.56874e+07 128160 4.21327e+07 4.22609e+07 4.21327e+07 0
20600 1.53021e+08 613085 622775 9.70435e+07 394085 400205 5.34639e+07 217976 221529 7.52556e+07 303642 308364 7.52518e+07 302660 307509 1.54639e+06 992191 2551 550424 9.84784e+07 254498 5.42259e+07 9.95245e+07 9.94e+07 1.47884e+08
20601 8.1081e+07 325743 330850 4.50677e+07 183823 186685 3.4683e+07 141378 143610 3.98687e+07 160690 163243 3.9882e+07 161430 163927 823011 464378 1348 357066 4.57345e+07 133413 3.51998e+07 3.50669e+07 3.49335e+07 8.08146e+07
20609 1.54358e+08 618134 628021 5.23645e+07 212765 216146 9.95808e+07 404863 411363 7.59738e+07 305555 310366 7.59714e+07 305671 310634 1.56006e+06 536937 1246 1.02162e+06 5.31387e+07 127631 1.01075e+08 2.51182e+07 7.82569e+07 7.83845e+07
20610 1.55384e+08 620641 630499 7.75017e+07 314387 319349 7.5327e+07 305238 310118 7.64146e+07 307282 312170 7.64142e+07 306329 311187 1.56646e+06 793388 2587 770488 7.86648e+07 264175 7.64552e+07 1.42421e+08 1.42283e+08 6.58282e+07
20611 1.54528e+08 620276 629793 8.8398e+07 359854 365449 6.35839e+07 259375 263284 7.59885e+07 306261 310957 7.59935e+07 307168 311901 1.55486e+06 902041 2601 650217 8.97309e+07 255773 6.45365e+07 1.13396e+08 1.13272e+08 4.87351e+07
20612 1.52792e+08 613914 623454 7.50845e+07 305575 310281 7.50529e+07 306659 311468 7.50676e+07 303631 308330 7.50698e+07 303516 308242 1.53181e+06 761866 3876 766005 7.62042e+07 393743 7.61877e+07 8.03903e+07 1.35273e+08 1.35401e+08
20613 1.55189e+08 620226 629582 6.68378e+07 271241 275490 8.59259e+07 348453 353553 7.63845e+07 307328 311965 7.63793e+07 305983 310604 1.54741e+06 676668 1314 869280 6.78397e+07 129062 8.72135e+07 1.9467e+07 8.73067e+07 8.74358e+07
20614 1.54598e+08 618335 627860 9.25354e+07 375550 381402 5.9388e+07 241174 244818 7.59617e+07 305422 310141 7.59618e+07 306015 310716 1.54474e+06 938373 3982 602388 9.3929e+07 399228 6.02702e+07 1.26444e+08 1.26312e+08 6.64652e+07
20615 1.55316e+08 620605 630076 8.23101e+07 332963 338062 7.04524e+07 286567 290918 7.63816e+07 307431 312094 7.63809e+07 306319 311010 1.5468e+06 830218 2586 714000 8.35424e+07 262690 7.15109e+07 1.09152e+08 1.09023e+08 3.7512e+07
20642 7.45126e+07 299832 304352 1.59276e+07 65352 66312 5.73549e+07 233957 237512 3.66397e+07 148199 150512 3.66428e+07 148288 150459 746154 161730 1361 582743 1.6155e+07 132851 5.82082e+07 6.45205e+07 6.15952e+06 6.29237e+06
20643 1.54839e+08 620430 630019 6.90413e+07 281226 285473 8.32525e+07 338147 343471 7.61486e+07 306426 311200 7.61452e+07 307002 311694 1.55353e+06 702231 2555 848744 7.00797e+07 260545 8.44986e+07 3.91272e+07 1.09207e+08 1.09342e+08
20646 1.55127e+08 621262 631076 7.63145e+07 310544 315344 7.61353e+07 309176 314164 7.62236e+07 307114 312069 7.62263e+07 307241 311980 1.55382e+06 775797 3946 774074 7.74526e+07 394182 7.72807e+07 8.60064e+07 1.53187e+08 1.53319e+08
20647 1.55883e+08 625045 634693 7.12184e+07 290458 294887 8.21036e+07 333553 338758 7.66632e+07 308946 313738 7.66588e+07 309144 313890 1.56077e+06 722438 2532 835769 7.229e+07 253176 8.33366e+07 6.38007e+07 1.36094e+08 1.36223e+08
20648 7.72695e+07 617803 627368 2.1222e+07 222597 226028 5.47993e+07 394289 400400 3.80077e+07 304886 309632 3.80135e+07 306169 310870 777818 -216078 2250 991672 -2.15558e+07 226451 9.86028e+07 4.3094e+07 2.15407e+07 2.1645e+07
20649 1.54893e+08 620101 629721 8.27257e+07 335642 340905 6.96478e+07 283464 287808 7.61859e+07 307015 311780 7.61875e+07 306284 311038 1.55409e+06 842562 2340 709184 8.39744e+07 227632 7.06907e+07 1.12579e+08 1.12456e+08 4.17655e+07
20650 1.55324e+08 620210 629717 8.55851e+07 346517 351792 6.71872e+07 272594 276807 7.63837e+07 306343 311095 7.63886e+07 306993 311627 1.55573e+06 868582 2617 684510 8.68673e+07 256409 6.81979e+07 9.42234e+07 9.40944e+07 2.58966e+07
20651 1.55483e+08 621649 631237 7.66253e+07 310456 315293 7.61766e+07 309611 314333 7.6397e+07 307603 312301 7.64049e+07 307117 311909 1.55616e+06 777560 3833 774767 7.77701e+07 388713 7.73239e+07 7.29533e+07 1.48189e+08 1.48319e+08
20652 1.55235e+08 621584 631072 7.1073e+07 289310 293714 8.17692e+07 331869 336944 7.64248e+07 308062 312774 7.64174e+07 306606 311267 1.55688e+06 723215 1038 832375 7.21314e+07 98687 8.29907e+07 5.51936e+07 1.27325e+08 1.27424e+08
20653 1.54759e+08 619550 629338 6.69319e+07 271115 275361 8.54655e+07 348138 353673 7.61984e+07 306723 311653 7.6199e+07 305820 310566 1.55315e+06 679038 716 871087 6.79066e+07 70155 8.66715e+07 4.05695e+07 4.04994e+07 1.08587e+08
20656 1.54918e+08 619222 628917 8.09709e+07 328662 333820 7.13995e+07 289568 294091 7.61888e+07 306163 310984 7.61816e+07 306331 311072 1.54955e+06 822256 2497 724793 8.21624e+07 258167 7.2469e+07 1.05458e+08 1.05327e+08 3.28578e+07
20657 1.54735e+08 619081 628654 7.01006e+07 284671 288967 8.19632e+07 332783 338037 7.60356e+07 306356 311074 7.60282e+07 305791 310540 1.54836e+06 712012 4005 832286 7.11525e+07 390246 8.31882e+07 8.89298e+07 1.45687e+08 1.45818e+08
20658 1.55179e+08 621570 631194 6.44484e+07 261153 265158 8.81804e+07 359406 365010 7.63192e+07 308296 313093 7.63097e+07 306331 311064 1.55422e+06 654672 2526 896987 6.54177e+07 254411 8.9502e+07 5.73304e+07 1.22748e+08 1.22879e+08
20659 1.55852e+08 623624 633273 7.4034e+07 299475 304103 7.9257e+07 323108 328111 7.66475e+07 308603 313430 7.66436e+07 308136 312875 1.55545e+06 747957 2602 804889 7.51445e+07 260067 8.04478e+07 5.80362e+06 8.09481e+07 8.10816e+07
20660 1.55321e+08 622151 631717 8.34847e+07 339986 345202 6.9281e+07 281151 285478 7.63847e+07 306745 311513 7.6381e+07 308426 313129 1.55356e+06 846564 2513 704388 8.47363e+07 245584 7.03294e+07 1.3722e+08 1.37096e+08 6.67668e+07
20662 1.55232e+08 620240 629939 7.45789e+07 302821 307562 7.8101e+07 316303 321244 7.6341e+07 306505 311336 7.63389e+07 306721 311469 1.5509e+06 755102 2691 793108 7.56967e+07 262036 7.92359e+07 6.05123e+07 1.36209e+08 1.36342e+08
20663 1.55201e+08 620770 630188 7.24233e+07 294292 298717 8.02252e+07 325467 330446 7.6323e+07 306547 311233 7.63255e+07 307213 311817 1.55202e+06 735375 2535 814016 7.35073e+07 260086 8.14244e+07 4.53357e+07 1.18843e+08 1.18977e+08
20664 1.54623e+08 618403 627981 7.47431e+07 302642 307247 7.73348e+07 314719 319673 7.60397e+07 306419 311142 7.60382e+07 305239 309997 1.54522e+06 756536 2696 785984 7.58619e+07 268488 7.84927e+07 2.86291e+07 1.04491e+08 1.04628e+08
20665 1.5535e+08 622178 631705 7.46774e+07 302956 307630 7.80002e+07 317689 322518 7.63376e+07 308148 312928 7.63399e+07 306983 311622 1.55565e+06 758365 3873 793409 7.57982e+07 384390 7.91676e+07 1.44456e+08 1.44333e+08 7.08287e+07
20666 1.55019e+08 620726 630160 8.64476e+07 351092 356441 6.60225e+07 268594 272664 7.6237e+07 306741 311408 7.62331e+07 306966 311631 1.55172e+06 876909 2553 672185 8.77402e+07 256513 6.70155e+07 1.15856e+08 1.15727e+08 4.87046e+07
20667 1.55302e+08 620342 629798 9.50951e+07 385448 391327 5.77701e+07 234322 237884 7.64324e+07 305670 310354 7.64328e+07 307759 312414 1.55296e+06 963610 1486 587869 9.6518e+07 148033 5.86361e+07 8.95372e+07 8.95245e+07 3.08884e+07
20668 1.55537e+08 621977 631389 7.57518e+07 307023 311672 7.70984e+07 313426 318169 7.6425e+07 307962 312743 7.64252e+07 307093 311625 1.5563e+06 769125 3916 783255 7.68837e+07 396522 7.82569e+07 8.23841e+07 1.53079e+08 1.53215e+08
20669 1.54557e+08 618177 627588 7.04191e+07 285355 289793 8.15928e+07 331781 336743 7.60087e+07 305483 310092 7.60032e+07 305797 310492 1.554e+06 717092 2642 834265 7.14774e+07 260633 8.2819e+07 3.56162e+07 1.07094e+08 1.07222e+08
20670 1.55823e+08 622742 632202 7.09957e+07 287945 292307 8.22654e+07 333719 338792 7.66349e+07 308274 312913 7.66262e+07 307645 312369 1.56038e+06 719786 2629 837945 7.20615e+07 255910 8.35035e+07 1.61641e+07 8.82256e+07 8.8358e+07
20671 1.55466e+08 622451 631915 8.36121e+07 338923 344036 6.91661e+07 281884 286217 7.63875e+07 308277 312980 7.63907e+07 307308 311965 1.55836e+06 850696 3970 703614 8.48605e+07 393903 7.01997e+07 1.39231e+08 1.39096e+08 6.92535e+07
20672 1.23664e+08 494197 501693 5.31274e+07 215324 218637 6.85766e+07 278313 282489 6.08518e+07 245117 248857 6.08523e+07 243501 247167 1.23739e+06 539280 1286 696827 5.39234e+07 131472 6.96091e+07 0 5.39234e+07 5.40549e+07
20673 1.55181e+08 619712 629208 8.85046e+07 358227 363728 6.41227e+07 260519 264501 7.63161e+07 306054 310810 7.63112e+07 306823 311466 1.55406e+06 898656 2478 652929 8.98376e+07 260742 6.50825e+07 1.2086e+08 1.20733e+08 5.56501e+07
20674 1.55487e+08 621245 630800 7.61633e+07 308879 313631 7.67691e+07 311294 316082 7.64644e+07 307052 311756 7.6468e+07 307186 311926 1.55648e+06 774376 2525 779582 7.7312e+07 250254 7.79248e+07 1.08811e+08 1.08687e+08 3.07625e+07
20682 1.55474e+08 622600 632248 6.92596e+07 281307 285686 8.36604e+07 340241 345487 7.6462e+07 307443 312203 7.6458e+07 308285 313042 1.56031e+06 705093 2618 852603 7.03013e+07 255242 8.49178e+07 6.1747e+07 1.32048e+08 1.32175e+08
20683 1.03205e+08 411972 418354 4.65054e+07 188056 190922 5.49172e+07 222944 226443 5.07106e+07 203628 206755 5.0712e+07 203792 206961 1.03739e+06 475968 2402 558919 4.72026e+07 248624 5.57432e+07 2.9846e+07 7.70487e+07 7.71779e+07
20684 1.53059e+08 612151 621495 1.08557e+08 441189 447866 4.19818e+07 169919 172571 7.52697e+07 302123 306725 7.52693e+07 303322 307941 1.54356e+06 1.10755e+06 2497 430657 1.10168e+08 259086 4.24956e+07 8.92465e+07 8.91176e+07 6.83252e+07
20685 1.55143e+08 621880 631288 7.48888e+07 304933 309514 7.77229e+07 315979 320788 7.63085e+07 307736 312384 7.63033e+07 307160 311802 1.55714e+06 763524 2359 791257 7.60073e+07 241508 7.8894e+07 7.5462e+07 1.4556e+08 1.45649e+08
20686 1.55722e+08 623267 632963 7.26702e+07 294838 299503 8.04918e+07 327378 332390 7.65789e+07 308140 312974 7.65831e+07 308207 312940 1.55977e+06 737088 2659 820021 7.37552e+07 268631 8.16977e+07 5.59696e+07 1.29725e+08 1.29863e+08
20687 1.55612e+08 621332 630843 7.24345e+07 293236 297807 8.06208e+07 327077 331998 7.65293e+07 308120 312859 7.6526e+07 306283 310937 1.56011e+06 736348 2491 821271 7.35231e+07 255139 8.18342e+07 4.36445e+07 1.17168e+08 1.17296e+08
20689 1.54706e+08 619273 628859 8.72856e+07 354386 359823 6.49876e+07 264291 268431 7.61344e+07 306724 311489 7.61388e+07 305545 310255 1.55306e+06 889167 1551 662333 8.85932e+07 150923 6.59596e+07 1.33956e+08 1.33909e+08 6.79494e+07
20691 1.5591e+08 623980 633792 7.66617e+07 311051 316040 7.66876e+07 311925 316735 7.66745e+07 308475 313328 7.66748e+07 308625 313476 1.56133e+06 778282 2489 780529 7.78139e+07 257249 7.78347e+07 5.01391e+06 8.28318e+07 8.29596e+07
20692 1.55571e+08 622528 632165 7.63129e+07 310427 315252 7.67017e+07 311087 315876 7.65082e+07 308288 313129 7.65064e+07 307370 312054 1.55875e+06 776968 2530 779254 7.74632e+07 252643 7.78554e+07 1.43668e+08 1.43543e+08 6.56874e+07
20693 1.54833e+08 618050 627644 8.57106e+07 346832 352279 6.67025e+07 270715 274857 7.62056e+07 305141 309832 7.62075e+07 305962 310759 1.55278e+06 870228 1325 677967 8.68965e+07 131194 6.76438e+07 1.21704e+08 5.37759e+07 5.39071e+07
20694 1.55795e+08 623132 632841 8.43054e+07 341055 346372 6.89322e+07 281111 285492 7.66183e+07 308051 312917 7.66193e+07 308160 312897 1.56082e+06 854851 2419 703449 8.55701e+07 250199 6.99652e+07 8.61749e+07 8.60459e+07 1.60806e+07
20695 1.55007e+08 621223 630901 7.23078e+07 293866 298460 8.0024e+07 325853 330906 7.61691e+07 307232 312014 7.61627e+07 307239 312027 1.55442e+06 735076 3930 815418 7.33907e+07 393543 8.12228e+07 7.58592e+07 1.46026e+08 1.46152e+08
20696 1.55406e+08 622667 632517 6.94116e+07 281374 285799 8.34837e+07 340384 345797 7.64499e+07 307837 312688 7.64454e+07 307987 312861 1.55803e+06 704386 2281 851365 7.04518e+07 219706 8.47349e+07 5.22454e+07 1.22697e+08 1.22783e+08
20698 1.55517e+08 621721 631481 7.71409e+07 312490 317394 7.56952e+07 307701 312530 7.64158e+07 307809 312590 7.64203e+07 307002 311864 1.55428e+06 782298 3875 768043 7.8302e+07 385112 7.68233e+07 1.48948e+08 1.48821e+08 7.86887e+07
20699 1.55743e+08 622587 632239 8.40677e+07 341212 346517 6.92429e+07 280885 285226 7.66562e+07 307550 312299 7.66545e+07 308041 312836 1.55708e+06 853083 1258 702513 8.53296e+07 127039 7.02714e+07 1.28627e+08 1.285e+08 5.82283e+07
20700 1.55132e+08 621162 630653 9.03648e+07 367119 372779 6.22706e+07 253266 257085 7.63213e+07 307306 311957 7.63142e+07 306868 311612 1.55256e+06 917245 1956 633358 9.17271e+07 196835 6.32082e+07 1.03153e+08 1.03081e+08 3.98726e+07
20702 1.54963e+08 620131 629607 7.2892e+07 295533 300093 7.95241e+07 323614 328519 7.62088e+07 307420 312179 7.62074e+07 305986 310604 1.551e+06 738999 2497 809501 7.39862e+07 255502 8.07214e+07 4.97381e+07 1.23724e+08 1.23849e+08
20703 1.53164e+08 612843 622354 7.93674e+07 321873 326818 7.12388e+07 289793 294335 7.53046e+07 303290 308013 7.53017e+07 302793 307482 1.53898e+06 807391 3053 728537 8.05543e+07 305856 7.22606e+07 1.26353e+08 1.26313e+08 7.14974e+07
20706 1.55319e+08 620900 630636 8.52947e+07 346411 351872 6.7472e+07 273429 277692 7.63865e+07 306929 311576 7.63802e+07 307047 312039 1.55274e+06 864966 2648 685121 8.65735e+07 264835 6.84808e+07 1.42218e+08 1.42081e+08 7.35999e+07
20709 1.55535e+08 623238 632937 6.76845e+07 275623 279908 8.53775e+07 346898 352303 7.65277e+07 308621 313422 7.65343e+07 307723 312513 1.55906e+06 688969 1742 868344 6.86946e+07 177673 8.66628e+07 1.00287e+07 7.87233e+07 7.87705e+07
20710 1.54205e+08 617678 627189 1.07744e+08 438342 445137 4.39886e+07 178551 181251 7.58677e+07 304980 309649 7.58652e+07 305841 310586 1.55333e+06 1.10005e+06 1937 451327 1.09362e+08 193459 4.46477e+07 1.09029e+08 1.0897e+08 6.43219e+07
20712 1.55668e+08 623333 633246 8.56885e+07 348731 354219 6.72968e+07 273015 277400 7.64951e+07 307524 312313 7.64902e+07 308891 313908 1.55667e+06 868849 3599 684199 8.69817e+07 371475 6.83128e+07 1.39162e+08 1.39038e+08 7.09572e+07
20713 1.55766e+08 624482 634096 7.87897e+07 320149 325024 7.44186e+07 303263 307985 7.66019e+07 308741 313460 7.66064e+07 308729 313524 1.55826e+06 798644 2494 757123 7.99829e+07 254455 7.55286e+07 1.28142e+08 1.28016e+08 5.24877e+07
20714 1.55483e+08 622011 631652 8.08613e+07 327479 332573 7.20662e+07 293430 297962 7.64636e+07 307925 312672 7.64639e+07 307165 311964 1.55616e+06 819826 2647 733683 8.2075e+07 254125 7.31541e+07 1.08004e+08 1.07877e+08 3.47228e+07
20715 1.55402e+08 620566 630212 8.34721e+07 337361 342621 6.93051e+07 281903 286272 7.63875e+07 306980 311739 7.63898e+07 306676 311455 1.55391e+06 844859 3321 705809 8.47219e+07 343437 7.03464e+07 8.07436e+07 1.55328e+08 1.02642e+07
20716 1.5517e+08 620215 630018 6.6597e+07 269865 274147 8.6023e+07 349295 354798 7.63114e+07 306013 310869 7.63086e+07 307396 312229 1.55074e+06 674476 2602 873665 6.75962e+07 259888 8.73139e+07 6.34792e+07 1.31075e+08 1.31203e+08
20717 1.5436e+08 618106 627603 5.44573e+07 220659 224018 9.73647e+07 396459 402582 7.59111e+07 305774 310462 7.59109e+07 305463 310161 1.54992e+06 555300 2600 992023 5.5273e+07 262503 9.88245e+07 3.85336e+07 9.38066e+07 9.39332e+07
20719 1.54713e+08 619954 629782 6.98095e+07 283867 288291 8.23717e+07 335079 340455 7.60911e+07 306422 311277 7.60901e+07 306591 311467 1.54878e+06 709320 2517 836711 7.0849e+07 246794 8.36008e+07 1.46658e+08 7.58596e+07 7.59832e+07
20720 1.54267e+08 619872 629486 9.28795e+07 378478 384361 5.89834e+07 240900 244625 7.59301e+07 306597 311323 7.59328e+07 306532 311312 1.54872e+06 943430 1156 603907 9.42696e+07 112409 5.98721e+07 1.13287e+08 5.32889e+07 5.34013e+07
20721 1.55451e+08 622988 632845 8.31026e+07 337735 343078 6.98073e+07 284285 288786 7.64556e+07 308090 312969 7.64543e+07 308056 312922 1.55575e+06 843205 2434 710051 8.43493e+07 241825 7.08538e+07 9.04149e+07 9.02879e+07 1.94341e+07
20722 1.54444e+08 618745 628525 6.60065e+07 268063 272305 8.59806e+07 349952 355484 7.59945e+07 305927 310771 7.59926e+07 306005 310827 1.54671e+06 669169 1656 875884 6.69972e+07 165283 8.72817e+07 6.2985e+07 1.29284e+08 1.2932e+08
20723 1.54628e+08 621081 630850 6.70852e+07 273354 277590 8.50144e+07 346699 352218 7.60508e+07 307021 311860 7.60488e+07 307141 311943 1.54995e+06 681971 2511 865464 6.80943e+07 246625 8.62868e+07 3.65321e+07 1.04626e+08 1.04746e+08
20724 1.54619e+08 620263 629926 7.33362e+07 298142 302850 7.86393e+07 320666 325598 7.59846e+07 306697 311551 7.59909e+07 306523 311223 1.54853e+06 744917 3624 799990 7.44422e+07 362118 7.98145e+07 1.49676e+08 1.49556e+08 8.43798e+07
20725 1.5472e+08 620283 629966 8.46817e+07 344205 349690 6.75195e+07 275167 279351 7.61e+07 307049 311732 7.61013e+07 306467 311372 1.54523e+06 858915 2267 684044 8.59557e+07 231279 6.85331e+07 1.23565e+08 1.23456e+08 5.49229e+07
20727 1.54337e+08 616580 626373 8.11365e+07 329793 335073 7.05548e+07 285315 289808 7.58424e+07 304823 309665 7.5849e+07 304944 309794 1.54682e+06 823680 3647 719493 8.23502e+07 370107 7.16168e+07 3.11136e+07 1.08876e+08 1.09006e+08
20729 1.55116e+08 620572 630508 8.47378e+07 344011 349561 6.78295e+07 275579 279945 7.62866e+07 306671 311552 7.62807e+07 307074 312021 1.55222e+06 861408 2491 688261 8.60116e+07 258595 6.88398e+07 1.259e+08 1.25772e+08 5.69317e+07
20730 1.21781e+08 485774 493409 6.42862e+07 259799 263931 5.54394e+07 224957 228443 5.98644e+07 240446 244150 5.98611e+07 240004 243838 1.21807e+06 657711 2487 564424 6.55721e+07 252322 5.62681e+07 9.81751e+07 9.80494e+07 4.17782e+07
20738 1.55671e+08 624324 634076 7.65909e+07 311916 316777 7.65217e+07 311390 316261 7.65541e+07 308273 313071 7.65585e+07 309105 313958 1.55699e+06 777692 2642 776635 7.77373e+07 261607 7.767e+07 1.35189e+08 1.35061e+08 5.7391e+07
20739 1.54912e+08 620938 630713 8.77903e+07 356507 362116 6.45769e+07 263413 267569 7.61848e+07 307063 311878 7.61824e+07 307014 311854 1.55224e+06 891487 2618 658131 8.91025e+07 266584 6.5543e+07 1.14707e+08 1.14578e+08 4.90345e+07
20740 1.55043e+08 619712 629363 7.4336e+07 300665 305360 7.81953e+07 318166 323110 7.6267e+07 307162 311922 7.62643e+07 305696 310496 1.55138e+06 755062 2166 794063 7.54437e+07 215139 7.93756e+07 7.90333e+07 1.45551e+08 1.45588e+08
20741 1.55647e+08 622354 632018 7.35296e+07 298018 302682 7.95588e+07 323283 328275 7.65434e+07 307102 311957 7.6545e+07 308212 312919 1.55588e+06 745273 2633 807969 7.46316e+07 260512 8.07546e+07 5.59835e+07 1.30615e+08 1.30748e+08
20745 1.54807e+08 618136 627934 8.58597e+07 347199 352783 6.64023e+07 269917 274114 7.61337e+07 305626 310448 7.61283e+07 305602 310492 1.54872e+06 871016 2537 675071 8.71462e+07 250101 6.74025e+07 1.16582e+08 1.16457e+08 4.9055e+07
20746 1.55697e+08 623856 633796 8.14419e+07 330662 335991 7.16992e+07 292127 296721 7.65708e+07 307821 312755 7.65703e+07 309061 313968 1.55794e+06 825696 2573 729672 8.26631e+07 254486 7.27796e+07 1.02769e+08 1.02641e+08 2.98614e+07
20749 1.19288e+08 478005 485731 5.61093e+07 228069 231657 6.11605e+07 248943 253066 5.86363e+07 236201 240035 5.86335e+07 236535 240354 1.1931e+06 569660 2451 620984 5.69561e+07 250101 6.20821e+07 1.04758e+08 1.04629e+08 4.25471e+07
20750 1.54907e+08 620233 630193 8.29515e+07 336906 342324 6.94155e+07 282266 286798 7.6184e+07 306877 311711 7.6183e+07 306438 311452 1.54989e+06 842308 2516 705010 8.41967e+07 249572 7.04541e+07 1.15723e+08 1.15596e+08 4.51385e+07
20751 1.52711e+08 610287 620122 4.2172e+07 169963 172686 1.07995e+08 439172 446265 7.50856e+07 301814 306614 7.50814e+07 301726 306631 1.53543e+06 431252 2873 1.1013e+06 4.2801e+07 292859 1.09617e+08 5.53611e+07 8.51284e+07 8.52572e+07
20752 1.54583e+08 618441 628463 8.9957e+07 364965 370958 6.23325e+07 253442 257471 7.61456e+07 305541 310421 7.61439e+07 306147 311179 1.54821e+06 914258 101 632668 9.12887e+07 8316 6.32279e+07 1.31895e+08 1.31887e+08 6.86587e+07
20754 1.55892e+08 621885 631953 8.66479e+07 350056 355686 6.66814e+07 270775 275202 7.66671e+07 307498 312473 7.66622e+07 307479 312468 1.55853e+06 877491 2614 678423 8.79517e+07 254852 6.76857e+07 8.67963e+07 8.6673e+07 1.89873e+07
20755 1.55721e+08 622546 632481 7.62684e+07 309325 314271 7.67675e+07 311686 316658 7.65218e+07 307530 312363 7.65141e+07 308142 313120 1.55561e+06 772849 3848 778845 7.74069e+07 387557 7.79184e+07 7.79986e+07 1.52481e+08 1.52608e+08
20756 1.55869e+08 623814 633842 7.6437e+07 309052 313979 7.68734e+07 313771 318863 7.66542e+07 307845 312751 7.66562e+07 309097 314080 1.55686e+06 773170 2593 781094 7.75798e+07 262570 7.80264e+07 6.62016e+07 1.43781e+08 1.43915e+08
20757 1.54825e+08 620372 630349 4.92529e+07 200548 203756 1.03029e+08 418790 425542 7.61407e+07 306848 311766 7.61408e+07 306757 311683 1.55334e+06 502880 2511 1.04794e+06 4.99973e+07 253803 1.04574e+08 6.08882e+07 1.10885e+08 1.11014e+08
20759 9.04559e+07 362356 367988 7.10744e+07 289054 293554 1.79167e+07 72802 73930 4.44947e+07 179132 181901 4.44963e+07 179217 182020 904183 721163 1258 181762 7.21442e+07 127733 1.8184e+07 1.83117e+07 1.8184e+07 0 
