       Q^2          GMp        GMn          GEp         GEn
---------------------------------------------------------------------
  0.            2.56631167  -1.71605476  1.           0.
  0.0114924623  2.43536335  -1.60280497  0.966551853  0.0108619509
  0.0229849246  2.3146739  -1.49925659  0.934922597  0.0206616623
  0.0344773869  2.20317543  -1.40436533  0.904973283  0.0295046594
  0.0459698492  2.09993684  -1.31722241  0.876578569  0.0374846844
  0.0574623116  2.00414319  -1.23703407  0.849625115  0.0446851875
  0.0689547739  1.91507869  -1.16310456  0.824010187  0.051180606
  0.0804472362  1.83211247  -1.09482205  0.799640466  0.0570374642
  0.0919396985  1.75468675  -1.0316468  0.776430992  0.0623153238
  0.103432161  1.68230681  -0.97310125  0.754304266  0.0670676047
  0.114924623  1.6145326  -0.918761659  0.733189449  0.0713422989
  0.126417085  1.55097161  -0.868251011  0.713021671  0.0751825902
  0.137909548  1.4912728  -0.821233004  0.693741418  0.078627395
  0.14940201  1.43512142  -0.777406912  0.675293992  0.0817118354
  0.160894472  1.38223455  -0.736503185  0.657629044  0.0844676534
  0.172386935  1.3323573  -0.698279678  0.640700144  0.086923574
  0.183879397  1.28525955  -0.662518388  0.624464417  0.0891056256
  0.195371859  1.24073305  -0.629022645  0.608882207  0.0910374221
  0.206864322  1.19858897  -0.597614673  0.593916783  0.0927404117
  0.218356784  1.15865576  -0.568133466  0.579534078  0.0942340975
  0.229849246  1.12077727  -0.54043294  0.565702449  0.0955362333
  0.241341709  1.0848111  -0.514380317  0.552392471  0.0966629967
  0.252834171  1.05062716  -0.489854708  0.539576743  0.0976291442
  0.264326633  1.01810641  -0.466745871  0.527229723  0.098448148
  0.275819095  0.987139732  -0.444953113  0.515327566  0.0991323196
  0.287311558  0.957626968  -0.424384323  0.503847995  0.0996929195
  0.29880402  0.92947602  -0.40495512  0.492770169  0.100140255
  0.310296482  0.902602087  -0.386588095  0.482074572  0.100483769
  0.321788945  0.876926976  -0.369212134  0.47174291  0.100732118
  0.333281407  0.852378484  -0.352761827  0.461758015  0.100893244
  0.344773869  0.828889857  -0.337176927  0.452103764  0.100974441
  0.356266332  0.80639929  -0.322401879  0.442764998  0.100982406
  0.367758794  0.784849497  -0.308385389  0.433727454  0.100923299
  0.379251256  0.764187312  -0.295080049  0.424977698  0.100802783
  0.390743719  0.744363335  -0.282441986  0.416503067  0.100626072
  0.402236181  0.725331616  -0.270430561  0.408291614  0.100397966
  0.413728643  0.707049362  -0.259008085  0.40033206  0.100122889
  0.425221106  0.689476682  -0.248139574  0.392613748  0.0998049159
  0.436713568  0.672576351  -0.23779252  0.385126599  0.0994478067
  0.44820603  0.656313591  -0.227936689  0.377861075  0.0990550289
  0.459698492  0.640655889  -0.218543933  0.370808146  0.0986297829
  0.471190955  0.625572808  -0.209588022  0.36395925  0.0981750232
  0.482683417  0.611035839  -0.201044496  0.357306272  0.0976934783
  0.494175879  0.597018248  -0.192890521  0.350841508  0.0971876689
  0.505668342  0.583494946  -0.185104765  0.344557645  0.0966599239
  0.517160804  0.570442367  -0.177667285  0.338447732  0.096112396
  0.528653266  0.557838358  -0.170559417  0.332505163  0.0955470752
  0.540145729  0.545662075  -0.163763686  0.32672365  0.0949658013
  0.551638191  0.533893893  -0.157263715  0.321097212  0.0943702757
  0.563130653  0.522515321  -0.151044143  0.315620149  0.0937620721
  0.574623116  0.511508918  -0.145090555  0.31028703  0.0931426457
  0.586115578  0.500858229  -0.139389413  0.305092678  0.0925133428
  0.59760804  0.490547712  -0.133927996  0.300032153  0.0918754086
  0.609100503  0.480562679  -0.128694336  0.295100741  0.0912299946
  0.620592965  0.470889241  -0.123677176  0.290293938  0.0905781661
  0.632085427  0.461514256  -0.118865912  0.285607444  0.0899209081
  0.643577889  0.452425276  -0.114250556  0.281037147  0.0892591314
  0.655070352  0.44361051  -0.109821689  0.276579114  0.0885936782
  0.666562814  0.435058776  -0.105570428  0.272229582  0.0879253265
  0.678055276  0.426759469  -0.101488387  0.26798495  0.0872547955
  0.689547739  0.41870252  -0.0975676455  0.26384177  0.0865827494
  0.701040201  0.410878366  -0.0938007213  0.259796737  0.0859098015
  0.712532663  0.403277919  -0.0901805391  0.255846683  0.0852365177
  0.724025126  0.395892538  -0.0867004063  0.251988573  0.08456342
  0.735517588  0.388714002  -0.0833539889  0.248219494  0.0838909898
  0.74701005  0.381734487  -0.0801352891  0.244536649  0.0832196703
  0.758502513  0.374946539  -0.0770386247  0.240937357  0.0825498698
  0.769994975  0.368343057  -0.0740586102  0.237419038  0.0818819635
  0.781487437  0.361917273  -0.0711901382  0.233979218  0.0812162965
  0.792979899  0.355662728  -0.0684283635  0.230615517  0.0805531855
  0.804472362  0.349573262  -0.065768687  0.227325648  0.0798929206
  0.815964824  0.343642993  -0.0632067416  0.224107409  0.0792357679
  0.827457286  0.337866302  -0.0607383785  0.220958683  0.0785819703
  0.838949749  0.33223782  -0.0583596548  0.217877435  0.0779317497
  0.850442211  0.326752416  -0.0560668213  0.214861701  0.0772853083
  0.861934673  0.321405181  -0.053856312  0.211909594  0.0766428299
  0.873427136  0.316191418  -0.0517247334  0.209019293  0.0760044812
  0.884919598  0.311106633  -0.0496688551  0.206189044  0.0753704131
  0.89641206  0.30614652  -0.0476856006  0.203417157  0.0747407617
  0.907904523  0.301306956  -0.045772039  0.200702003  0.0741156493
  0.919396985  0.296583988  -0.0439253769  0.198042008  0.0734951855
  0.930889447  0.291973829  -0.0421429512  0.195435656  0.0728794678
  0.94238191  0.287472843  -0.0404222218  0.192881482  0.0722685829
  0.953874372  0.283077544  -0.0387607651  0.190378074  0.0716626069
  0.965366834  0.278784587  -0.0371562683  0.187924066  0.0710616066
  0.976859296  0.274590758  -0.035606523  0.18551814  0.0704656398
  0.988351759  0.270492972  -0.0341094201  0.183159023  0.0698747559
  0.999844221  0.266488263  -0.0326629443  0.180845483  0.0692889967
  1.01133668  0.262573782  -0.0312651701  0.178576331  0.0687083969
  1.02282915  0.25874679  -0.0299142562  0.176350415  0.0681329845
  1.03432161  0.25500465  -0.028608442  0.174166624  0.0675627814
  1.04581407  0.251344828  -0.0273460432  0.17202388  0.0669978038
  1.05730653  0.247764885  -0.0261254482  0.169921143  0.0664380624
  1.06879899  0.24426247  -0.0249451142  0.167857402  0.0658835632
  1.08029146  0.240835324  -0.0238035643  0.165831684  0.0653343076
  1.09178392  0.237481266  -0.0226993838  0.163843041  0.0647902926
  1.10327638  0.234198197  -0.0216312173  0.16189056  0.0642515117
  1.11476884  0.230984094  -0.0205977663  0.159973352  0.0637179545
  1.12626131  0.227837006  -0.0195977857  0.158090559  0.0631896072
  1.13775377  0.224755052  -0.018630082  0.156241348  0.0626664532
  1.14924623  0.221736416  -0.0176935104  0.154424912  0.0621484728
  1.16073869  0.218779348  -0.0167869726  0.152640466  0.0616356439
  1.17223116  0.215882157  -0.015909415  0.150887253  0.0611279419
  1.18372362  0.213043211  -0.015059826  0.149164536  0.0606253401
  1.19521608  0.210260934  -0.0142372345  0.1474716  0.0601278096
  1.20670854  0.207533804  -0.0134407081  0.145807752  0.0596353198
  1.21820101  0.20486035  -0.0126693512  0.144172318  0.0591478385
  1.22969347  0.20223915  -0.011922303  0.142564646  0.0586653317
  1.24118593  0.199668831  -0.0111987368  0.140984101  0.0581877641
  1.25267839  0.197148063  -0.0104978576  0.139430067  0.0577150994
  1.26417085  0.194675562  -0.00981890113  0.137901946  0.0572472998
  1.27566332  0.192250085  -0.00916113254  0.136399156  0.0567843267
  1.28715578  0.189870428  -0.00852384491  0.134921132  0.0563261404
  1.29864824  0.187535428  -0.00790635816  0.133467326  0.0558727006
  1.3101407  0.185243958  -0.00730801788  0.132037203  0.055423966
  1.32163317  0.182994927  -0.00672819418  0.130630245  0.0549798949
  1.33312563  0.180787277  -0.00616628069  0.129245947  0.054540445
  1.34461809  0.178619986  -0.00562169353  0.127883819  0.0541055733
  1.35611055  0.176492061  -0.00509387038  0.126543383  0.0536752366
  1.36760302  0.174402541  -0.00458226957  0.125224175  0.0532493914
  1.37909548  0.172350496  -0.00408636922  0.123925744  0.0528279937
  1.39058794  0.17033502  -0.0036056664  0.122647649  0.0524109993
  1.4020804  0.168355239  -0.00313967638  0.121389463  0.051998364
  1.41357286  0.166410304  -0.00268793185  0.120150769  0.0515900434
  1.42506533  0.164499389  -0.00224998224  0.118931161  0.0511859928
  1.43655779  0.162621696  -0.00182539302  0.117730245  0.0507861678
  1.44805025  0.160776449  -0.00141374503  0.116547636  0.0503905236
  1.45954271  0.158962894  -0.00101463393  0.115382959  0.0499990159
  1.47103518  0.157180301  -0.000627669546  0.114235848  0.0496116001
  1.48252764  0.155427959  -0.000252475324  0.11310595  0.0492282319
  1.4940201  0.153705178   0.000111312198  0.111992916  0.048848867
  1.50551256  0.15201129   0.000464043914  0.110896408  0.0484734612
  1.51700503  0.150345644   0.00080605864  0.109816099  0.0481019708
  1.52849749  0.148707606   0.00113768358  0.108751665  0.0477343519
  1.53998995  0.147096564   0.0014592348  0.107702796  0.0473705612
  1.55148241  0.145511919   0.0017710176  0.106669184  0.0470105553
  1.56297487  0.143953091   0.002073327  0.105650533  0.0466542912
  1.57446734  0.142419514   0.00236644809  0.104646551  0.0463017264
  1.5859598  0.140910641   0.00265065639  0.103656956  0.0459528182
  1.59745226  0.139425937   0.00292621826  0.102681472  0.0456075248
  1.60894472  0.137964883   0.00319339122  0.101719827  0.0452658041
  1.62043719  0.136526972   0.00345242426  0.10077176  0.0449276149
  1.63192965  0.135111713   0.0037035582  0.0998370125  0.0445929159
  1.64342211  0.133718628   0.00394702596  0.0989153342  0.0442616664
  1.65491457  0.132347249   0.00418305286  0.0980064801  0.043933826
  1.66640704  0.130997123   0.00441185692  0.097110211  0.0436093547
  1.6778995  0.129667809   0.00463364909  0.0962262933  0.0432882127
  1.68939196  0.128358875   0.00484863354  0.095354499  0.0429703607
  1.70088442  0.127069903   0.00505700787  0.0944946052  0.0426557599
  1.71237688  0.125800484   0.00525896339  0.0936463942  0.0423443716
  1.72386935  0.124550221   0.00545468531  0.0928096533  0.0420361578
  1.73536181  0.123318726   0.00564435298  0.0919841748  0.0417310807
  1.74685427  0.122105621   0.00582814009  0.0911697556  0.0414291029
  1.75834673  0.120910537   0.00600621487  0.0903661972  0.0411301874
  1.7698392  0.119733116   0.00617874027  0.0895733055  0.0408342978
  1.78133166  0.118573008   0.00634587418  0.0887908911  0.0405413978
  1.79282412  0.117429871   0.00650776957  0.0880187683  0.0402514517
  1.80431658  0.116303373   0.00666457468  0.087256756  0.039964424
  1.81580905  0.115193188   0.00681643318  0.0865046768  0.03968028
  1.82730151  0.114099   0.00696348434  0.0857623575  0.0393989849
  1.83879397  0.1130205   0.00710586314  0.0850296283  0.0391205047
  1.85028643  0.111957387   0.00724370048  0.0843063234  0.0388448055
  1.86177889  0.110909366   0.00737712325  0.0835922806  0.038571854
  1.87327136  0.109876151   0.00750625454  0.0828873411  0.0383016173
  1.88476382  0.10885746   0.00763121369  0.0821913495  0.0380340628
  1.89625628  0.10785302   0.00775211648  0.0815041539  0.0377691582
  1.90774874  0.106862564   0.00786907521  0.0808256053  0.0375068718
  1.91924121  0.105885831   0.00798219885  0.0801555582  0.0372471722
  1.93073367  0.104922567   0.0080915931  0.0794938701  0.0369900284
  1.94222613  0.103972521   0.00819736057  0.0788404015  0.0367354097
  1.95371859  0.103035453   0.0082996008  0.0781950156  0.036483286
  1.96521106  0.102111123   0.00839841043  0.0775575787  0.0362336272
  1.97670352  0.1011993   0.00849388326  0.0769279598  0.035986404
  1.98819598  0.100299757   0.00858611034  0.0763060307  0.0357415871
  1.99968844  0.0994122731   0.00867518008  0.0756916657  0.0354991479
  2.0111809  0.098536631   0.00876117832  0.0750847417  0.0352590579
  2.02267337  0.0976726194   0.00884418842  0.0744851382  0.0350212891
  2.03416583  0.0968200313   0.00892429132  0.073892737  0.0347858138
  2.04565829  0.0959786645   0.00900156566  0.0733074225  0.0345526047
  2.05715075  0.095148321   0.00907608782  0.0727290813  0.0343216348
  2.06864322  0.0943288076   0.00914793197  0.0721576022  0.0340928775
  2.08013568  0.093519935   0.00921717021  0.0715928764  0.0338663066
  2.09162814  0.0927215182   0.00928387257  0.0710347971  0.0336418961
  2.1031206  0.0919333762   0.0093481071  0.0704832597  0.0334196203
  2.11461307  0.091155332   0.00940993994  0.0699381618  0.033199454
  2.12610553  0.0903872123   0.00946943535  0.0693994027  0.0329813723
  2.13759799  0.0896288477   0.00952665582  0.0688668839  0.0327653506
  2.14909045  0.0888800723   0.00958166207  0.0683405088  0.0325513646
  2.16058291  0.0881407237   0.00963451313  0.0678201825  0.0323393902
  2.17207538  0.0874106431   0.00968526639  0.0673058123  0.0321294039
  2.18356784  0.0866896749   0.00973397766  0.0667973069  0.0319213823
  2.1950603  0.0859776669   0.0097807012  0.066294577  0.0317153023
  2.20655276  0.08527447   0.00982548977  0.0657975348  0.0315111412
  2.21804523  0.0845799383   0.00986839469  0.0653060944  0.0313088766
  2.22953769  0.0838939289   0.00990946587  0.0648201714  0.0311084863
  2.24103015  0.0832163017   0.00994875185  0.0643396829  0.0309099485
  2.25252261  0.0825469197   0.00998629987  0.0638645478  0.0307132415
  2.26401508  0.0818856487   0.0100221559  0.0633946863  0.0305183442
  2.27550754  0.081232357   0.0100563645  0.0629300202  0.0303252355
  2.287  0.0805869159   0.0100889693  0.0624704727  0.0301338948
