20894 0.092907 0.203901
20895 0.287712 0.0365256
20901 0.163508 0.0383111
20924 0.230605 0.0354287
20925 0.178295 0.0339516
20926 0.240006 0.0341004
20928 0.217836 0.0343192
20931 0.204634 0.0383236
20938 0.236676 0.048618
20962 0.402966 0.035455
20963 0.00349825 0.0305581
20964 0.271171 0.0334752
20967 0.136855 0.0316683
20969 0.33218 0.0349431
20971 0.336389 0.0352542
20972 0.252515 0.0330704
20978 0.235224 0.0592261
20979 0.263085 0.0343658
20982 0.19879 0.032999
21002 0.148693 0.0321894
21003 0.453735 0.0496532
21005 0.395506 0.0365119
