# Zanotti Ge/Gm ratio. References:
#     hep-lat/0410023, hep-ph/0409312.
#    F1,F2 from GPD analysis hep-lat/0501029
#
#    hep-lat/0303019: 
#    fitting of Sachs ff, then extrapolate and get dipole masses
#    vs. m_pi^2 for the appropriate form
#
#    Q2          mup GEp/GMp       low limit         upper limit
0.0000000000   1.0000000000       1.0000000000      1.0000000000
0.0201005025   0.9922372530       0.9882077690	    0.9960982980
0.0402010050   0.9847891710       0.9769468530	    0.9923383660
0.0603015075   0.9776371500       0.9661826520	    0.9887126340
0.0804020101   0.9707640160       0.9558834760	    0.9852140620
0.1005025130   0.9641538900       0.9460202420	    0.9818360890
0.1206030150   0.9577920690       0.9365662200	    0.9785726010
0.1407035180   0.9516649170       0.9274967970	    0.9754178860
0.1608040200   0.9457597750       0.9187892750	    0.9723666090
0.1809045230   0.9400648730       0.9104226900	    0.9694137730
0.2010050250   0.9345692530       0.9023776500	    0.9665547020
0.2211055280   0.9292627030       0.8946361940	    0.9637850060
0.2412060300   0.9241356910       0.8871816580	    0.9611005690
0.2613065330   0.9191793140       0.8799985690	    0.9584975200
0.2814070350   0.9143852430       0.8730725320	    0.9559722200
0.3015075380   0.9097456810       0.8663901460	    0.9535212440
0.3216080400   0.9052533210       0.8599389160	    0.9511413640
0.3417085430   0.9009013050       0.8537071810	    0.9488295350
0.3618090450   0.8966831940       0.8476840430	    0.9465828850
0.3819095480   0.8925929350       0.8418593090	    0.9443987010
0.4020100500   0.8886248330       0.8362234340	    0.9422744170
0.4221105530   0.8847735230       0.8307674690	    0.9402076060
0.4422110550   0.8810339510       0.8254830190	    0.9381959700
0.4623115580   0.8774013470       0.8203621980	    0.9362373330
0.4824120600   0.8738712090       0.8153975930	    0.9343296310
0.5025125630   0.8704392820       0.8105822300	    0.9324709040
0.5226130650   0.8671015430       0.8059095370	    0.9306592940
0.5427135680   0.8638541850       0.8013733240	    0.9288930340
0.5628140700   0.8606936030       0.7969677500	    0.9271704440
0.5829145730   0.8576163780       0.7926872980	    0.9254899270
0.6030150750   0.8546192720       0.7885267570	    0.9238499610
0.6231155780   0.8516992070       0.7844812010	    0.9222490990
0.6432160800   0.8488532640       0.7805459660	    0.9206859610
0.6633165830   0.8460786680       0.7767166350	    0.9191592290
0.6834170850   0.8433727790       0.7729890240	    0.9176676480
0.7035175880   0.8407330860       0.7693591640	    0.9162100190
0.7236180900   0.8381572000       0.7658232880	    0.9147851980
0.7437185930   0.8356428430       0.7623778210	    0.9133920910
0.7638190950   0.8331878440       0.7590193630	    0.9120296510
0.7839195980   0.8307901340       0.7557446840	    0.9106968770
0.8040201010   0.8284477380       0.7525507090	    0.9093928140
0.8241206030   0.8261587710       0.7494345130	    0.9081165420
0.8442211060   0.8239214310       0.7463933070	    0.9068671860
0.8643216080   0.8217339980       0.7434244350	    0.9056439020
0.8844221110   0.8195948240       0.7405253640	    0.9044458840
0.9045226130   0.8175023370       0.7376936760	    0.9032723580
0.9246231160   0.8154550290       0.7349270660	    0.9021225810
0.9447236180   0.8134514570       0.7322233280	    0.9009958400
0.9648241210   0.8114902390       0.7295803560	    0.8998914500
0.9849246230   0.8095700500       0.7269961390	    0.8988087540
1.0050251300   0.8076896200       0.7244687490	    0.8977471180
1.0251256300   0.8058477300       0.7219963450	    0.8967059360
1.0452261300   0.8040432110       0.7195771600	    0.8956846210
1.0653266300   0.8022749410       0.7172095060	    0.8946826120
1.0854271400   0.8005418410       0.7148917620	    0.8936993660
1.1055276400   0.7988428750       0.7126223750	    0.8927343620
1.1256281400   0.7971770470       0.7103998570	    0.8917870970
1.1457286400   0.7955434000       0.7082227770	    0.8908570870
1.1658291500   0.7939410130       0.7060897650	    0.8899438640
1.1859296500   0.7923690000       0.7039995010	    0.8890469800
1.2060301500   0.7908265060       0.7019507220	    0.8881659990
1.2261306500   0.7893127110       0.6999422090	    0.8873005030
1.2462311600   0.7878268230       0.6979727950	    0.8864500870
1.2663316600   0.7863680790       0.6960413530	    0.8856143610
1.2864321600   0.7849357440       0.6941468020	    0.8847929470
1.3065326600   0.7835291100       0.6922880990	    0.8839854820
1.3266331700   0.7821474910       0.6904642420	    0.8831916140
1.3467336700   0.7807902280       0.6886742640	    0.8824110010
1.3668341700   0.7794566850       0.6869172340	    0.8816433160
1.3869346700   0.7781462470       0.6851922560	    0.8808882390
1.4070351800   0.7768583180       0.6834984640	    0.8801454630
1.4271356800   0.7755923270       0.6818350240	    0.8794146900
1.4472361800   0.7743477170       0.6802011300	    0.8786956310
1.4673366800   0.7731239530       0.6785960070	    0.8779880080
1.4874371900   0.7719205180       0.6770189030	    0.8772915490
1.5075376900   0.7707369090       0.6754690950	    0.8766059930
1.5276381900   0.7695726420       0.6739458830	    0.8759310860
1.5477386900   0.7684272470       0.6724485920	    0.8752665810
1.5678392000   0.7673002700       0.6709765670	    0.8746122410
1.5879397000   0.7661912720       0.6695291780	    0.8739678340
1.6080402000   0.7650998260       0.6681058120	    0.8733331360
1.6281407000   0.7640255190       0.6667058810	    0.8727079280
1.6482412100   0.7629679530       0.6653288110	    0.8720920000
1.6683417100   0.7619267390       0.6639740500	    0.8714851480
1.6884422100   0.7609015020       0.6626410610	    0.8708871700
1.7085427100   0.7598918770       0.6613293270	    0.8702978760
1.7286432200   0.7588975120       0.6600383440	    0.8697170760
1.7487437200   0.7579180630       0.6587676260	    0.8691445900
1.7688442200   0.7569531980       0.6575167010	    0.8685802380
1.7889447200   0.7560025950       0.6562851120	    0.8680238510
1.8090452300   0.7550659390       0.6550724160	    0.8674752590
1.8291457300   0.7541429270       0.6538781820	    0.8669343010
1.8492462300   0.7532332640       0.6527019950	    0.8664008190
1.8693467300   0.7523366610       0.6515434480	    0.8658746580
1.8894472400   0.7514528410       0.6504021500	    0.8653556680
1.9095477400   0.7505815330       0.6492777200	    0.8648437060
1.9296482400   0.7497224720       0.6481697870	    0.8643386280
1.9497487400   0.7488754040       0.6470779920	    0.8638402970
1.9698492500   0.7480400790       0.6460019870	    0.8633485780
1.9899497500   0.7472162550       0.6449414330	    0.8628633420
2.0100502500   0.7464036960       0.6438959990	    0.8623844600
2.0301507500   0.7456021730       0.6428653670	    0.8619118080
2.0502512600   0.7448114640       0.6418492240	    0.8614452670
2.0703517600   0.7440313510       0.6408472690	    0.8609847180
2.0904522600   0.7432616230       0.6398592070	    0.8605300460
2.1105527600   0.7425020740       0.6388847520	    0.8600811400
2.1306532700   0.7417525040       0.6379236250	    0.8596378920
2.1507537700   0.7410127180       0.6369755570	    0.8592001930
2.1708542700   0.7402825260       0.6360402830	    0.8587679420
2.1909547700   0.7395617430       0.6351175470	    0.8583410370
2.2110552800   0.7388501880       0.6342070990	    0.8579193800
2.2311557800   0.7381476850       0.6333086960	    0.8575028740
2.2512562800   0.7374540630       0.6324221010	    0.8570914260
2.2713567800   0.7367691550       0.6315470840	    0.8566849430
2.2914572900   0.7360927980       0.6306834190	    0.8562833380
2.3115577900   0.7354248330       0.6298308890	    0.8558865220
2.3316582900   0.7347651050       0.6289892790	    0.8554944100
2.3517587900   0.7341134630       0.6281583820	    0.8551069200
2.3718593000   0.7334697580       0.6273379950	    0.8547239700
2.3919598000   0.7328338480       0.6265279200	    0.8543454810
2.4120603000   0.7322055920       0.6257279640	    0.8539713750
2.4321608000   0.7315848520       0.6249379400	    0.8536015760
2.4522613100   0.7309714940       0.6241576650	    0.8532360120
2.4723618100   0.7303653890       0.6233869590	    0.8528746080
2.4924623100   0.7297664070       0.6226256480	    0.8525172960
2.5125628100   0.7291744250       0.6218735610	    0.8521640050
2.5326633200   0.7285893200       0.6211305320	    0.8518146690
2.5527638200   0.7280109740       0.6203964000	    0.8514692210
2.5728643200   0.7274392690       0.6196710050	    0.8511275960
2.5929648200   0.7268740940       0.6189541930	    0.8507897320
2.6130653300   0.7263153360       0.6182458130	    0.8504555680
2.6331658300   0.7257628870       0.6175457170	    0.8501250410
2.6532663300   0.7252166400       0.6168537610	    0.8497980940
2.6733668300   0.7246764930       0.6161698050	    0.8494746690
2.6934673400   0.7241423430       0.6154937100	    0.8491547080
2.7135678400   0.7236140920       0.6148253420	    0.8488381570
2.7336683400   0.7230916420       0.6141645700	    0.8485249620
2.7537688400   0.7225748980       0.6135112650	    0.8482150690
2.7738693500   0.7220637680       0.6128653020	    0.8479084260
2.7939698500   0.7215581600       0.6122265580	    0.8476049830
2.8140703500   0.7210579850       0.6115949120	    0.8473046900
2.8341708500   0.7205631580       0.6109702480	    0.8470074980
2.8542713600   0.7200735920       0.6103524510	    0.8467133590
2.8743718600   0.7195892030       0.6097414080	    0.8464222260
2.8944723600   0.7191099120       0.6091370080	    0.8461340550
2.9145728600   0.7186356360       0.6085391460	    0.8458487980
2.9346733700   0.7181662990       0.6079477150	    0.8455664140
2.9547738700   0.7177018230       0.6073626120	    0.8452868580
2.9748743700   0.7172421340       0.6067837370	    0.8450100880
2.9949748700   0.7167871580       0.6062109900	    0.8447360630
3.0150753800   0.7163368230       0.6056442760	    0.8444647420
3.0351758800   0.7158910570       0.6050834990	    0.8441960850
3.0552763800   0.7154497930       0.6045285670	    0.8439300540
3.0753768800   0.7150129630       0.6039793900	    0.8436666100
3.0954773900   0.7145804990       0.6034358780	    0.8434057150
3.1155778900   0.7141523370       0.6028979440	    0.8431473330
3.1356783900   0.7137284140       0.6023655030	    0.8428914280
3.1557788900   0.7133086650       0.6018384710	    0.8426379640
3.1758794000   0.7128930310       0.6013167670	    0.8423869060
3.1959799000   0.7124814510       0.6008003110	    0.8421382200
3.2160804000   0.7120738660       0.6002890230	    0.8418918730
3.2361809000   0.7116702180       0.5997828270	    0.8416478320
3.2562814100   0.7112704500       0.5992816470	    0.8414060650
3.2763819100   0.7108745080       0.5987854080	    0.8411665400
3.2964824100   0.7104823350       0.5982940400	    0.8409292270
3.3165829100   0.7100938800       0.5978074690	    0.8406940930
3.3366834200   0.7097090880       0.5973256270	    0.8404611110
3.3567839200   0.7093279090       0.5968484450	    0.8402302500
3.3768844200   0.7089502920       0.5963758550	    0.8400014810
3.3969849200   0.7085761870       0.5959077930	    0.8397747770
3.4170854300   0.7082055460       0.5954441920	    0.8395501090
3.4371859300   0.7078383210       0.5949849910	    0.8393274500
3.4572864300   0.7074744640       0.5945301260	    0.8391067730
3.4773869300   0.7071139300       0.5940795370	    0.8388880520
3.4974874400   0.7067566740       0.5936331630	    0.8386712610
3.5175879400   0.7064026500       0.5931909460	    0.8384563750
3.5376884400   0.7060518160       0.5927528290	    0.8382433690
3.5577889400   0.7057041280       0.5923187540	    0.8380322170
3.5778894500   0.7053595450       0.5918886660	    0.8378228970
3.5979899500   0.7050180240       0.5914625100	    0.8376153840
3.6180904500   0.7046795260       0.5910402330	    0.8374096540
3.6381909500   0.7043440100       0.5906217820	    0.8372056860
3.6582914600   0.7040114380       0.5902071060	    0.8370034560
3.6783919600   0.7036817700       0.5897961530	    0.8368029430
3.6984924600   0.7033549690       0.5893888740	    0.8366041240
3.7185929600   0.7030309970       0.5889852200	    0.8364069790
3.7386934700   0.7027098190       0.5885851420	    0.8362114850
3.7587939700   0.7023913970       0.5881885940	    0.8360176240
3.7788944700   0.7020756980       0.5877955290	    0.8358253730
3.7989949700   0.7017626850       0.5874059010	    0.8356347140
3.8190954800   0.7014523250       0.5870196660	    0.8354456260
3.8391959800   0.7011445850       0.5866367790	    0.8352580910
3.8592964800   0.7008394310       0.5862571980	    0.8350720880
3.8793969800   0.7005368310       0.5858808790	    0.8348876000
3.8994974900   0.7002367530       0.5855077810	    0.8347046080
3.9195979900   0.6999391650       0.5851378630	    0.8345230940
3.9396984900   0.6996440380       0.5847710840	    0.8343430400
3.9597989900   0.6993513390       0.5844074050	    0.8341644290
3.9798995000   0.6990610410       0.5840467860	    0.8339872430
4.0000000000   0.6987731120       0.5836891890	    0.8338114650
