Run # for Good 3rd Pass Runs
1686
1687
1688
1690
1699
1704
1705
1706
1707
1708
1709
1715
1716
1717
1718
1719
1720
1721
1736
1737
1740
1741
1742
1743
1744
1745
1746
1747
1748
1749
1750
1751
1752
1753
1754
1756
1757
1758
1759
1760
1761
1762
1763
1764
1765
1766
1767
1768
1776
1777
1778
1779
1780
1781
1782
1783
1785
1786
1787
1788
1789
1790
1792
1793
1794
1795
1796
1797
1800
1801
1803
1804
1806
1807
1808
1809
1810
1811
1813
1814
1815
1816
1817
1818
1819
1820
1821
1823
1824
1825
1826
1827
1828
1830
1831
1832
1833
1834
1835
1836
1838
1839
1840
1843
1844
1845
1846
1848
1849
1850
1851
1853
1882
1884
1885
1906
1907
1908
1909
1910
1911
1912
1913
1914
1915
1916
1922
1932
1943
1944
1945
1947
1948
1949
1950
1951
1952
1953
1954
1955
