Run # for Good 3rd Pass Runs
20579
20580
20581
20582
20583
20591
20596
20597
20598
20599
20600
20601
20609
20610
20611
20612
20613
20614
20615
20642
20643
20646
20647
20648
20649
20650
20651
20652
20653
20654
20655
20656
20657
20658
20659
20660
20662
20663
20664
20665
20666
20667
20668
20669
20670
20671
20672
20673
20674
20682
20683
20684
20685
20686
20687
20688
20689
20691
20692
20693
20694
20695
20696
20698
20699
20700
20701
20702
20703
20706
20707
20709
20710
20712
20713
20714
20715
20716
20717
20719
20720
20721
20722
20723
20724
20725
20726
20727
20729
20730
20731
20732
20733
20734
20736
20737
20738
20739
20740
20741
20742
20744
20745
20746
20749
20750
20751
20752
20754
20755
20756
20757
20759
20789
20791
20792
20814
20815
20816
20817
20818
20819
20820
20821
20822
20823
20824
20827
20828
20830
20833
20844
20865
20866
20867
20868
20869
20870
20871
20872
20873
20874
20875
20876
20877
20878
22380
22389
22393
22394
22399
22400
22401
22402
22403
22404
22405
22406
22407
22409
22410
22413
22414
22415
22417
22418
22419
22420
22422
22423
22425
22426
22436
22437
22447
22448
22449
22450
22451
22452
22453
22454
22455
22456
22457
22458
22459
22461
22465
22466
22469
22470
22471
22472
22473
22474
22475
22476
22478
22479
22480
22481
22482
22483
22484
22485
22486
22487
22488
