20890 0.640855 0.239318
20894 0.062745 0.227328
20895 0.251462 0.0715598
20901 0.114602 0.0730178
20926 0.231793 0.0648524
20927 0.142781 0.0729841
20928 0.206879 0.0656768
20931 0.197326 0.0741585
20938 0.294397 0.0984958
20961 0.400482 0.0662959
20962 0.399426 0.0676198
20963 0.0310938 0.055995
20964 0.272058 0.0652179
20971 0.28615 0.0665052
20978 0.0853038 0.114552
20979 0.289276 0.0686883
20980 -0.266119 0.205051
20982 0.233348 0.0645827
20983 0.267276 0.231186
20986 0.0809056 0.246638
20989 1.05635 0.348465
20991 0.44893 0.276027
20994 -1.32077 0.629037
20995 0.271863 0.0665017
21001 0.434924 0.0964858
21002 0.135803 0.0622593
21003 0.449215 0.0951751
21004 0.252009 0.0649669
21005 0.385293 0.0713199
21006 0.395245 0.0706944
