20890 3.95308e+07 900537 917625 4.02897e+06 92913 94501 3.48163e+07 805225 820690 1.94233e+07 444979 453372 1.94219e+07 445532 454040 1.92343e+06 198484 5288 1.71987e+06 4.08626e+06 104938 3.53439e+07 0 4.08626e+06 4.1912e+06  
20891 5.28854e+06 120495 122503 0 0 0 5.21031e+06 120495 122503 2.60544e+06 59668 60621 2.60486e+06 59478 60508 258426 0 0 258426 0 0 5.28854e+06 0 0 0  
20893 4.00802e+07 908419 923681 3.94869e+07 908419 923681 0 0 0 1.97433e+07 449206 456846 1.97436e+07 449160 456612 1.94796e+06 1.94796e+06 0 0 4.00802e+07 0 0 0 0 0  
20894 3.34648e+07 762464 781690 7.48306e+06 172394 176687 2.54862e+07 590063 604973 1.6484e+07 377169 386654 1.64852e+07 376927 386480 1.62589e+06 368503 60 1.25733e+06 7.59394e+06 2002 2.58689e+07 0 7.59394e+06 7.59594e+06  
20895 9.64191e+07 3536614 3570047 3.79085e+07 1407072 1423619 5.6822e+07 2119893 2136712 4.73666e+07 1749179 1765737 4.73639e+07 1748304 1764804 4.68769e+06 1.8667e+06 12820 2.80818e+06 3.84778e+07 266337 5.76749e+07 8.57719e+07 8.56847e+07 3.64568e+07  
20896 1.29831e+07 473855 479120 1.27909e+07 473855 479120 0 0 0 6.39633e+06 233941 236554 6.39456e+06 234728 237322 630695 630695 0 0 1.29831e+07 0 0 0 0 0  
20899 3.83886e+06 145110 146909 0 0 0 3.78212e+06 145110 146909 1.89107e+06 71682 72583 1.89105e+06 71840 72724 186360 0 0 186360 0 0 3.83886e+06 0 0 0  
20900 256724 7668 13188 0 0 0 252895 7668 13188 125602 3844 6543 127293 3740 6493 9119 0 0 9119 0 0 256724 0 0 0  
20901 7.55679e+07 2832090 2867751 2.9542e+07 1123610 1142157 4.47422e+07 1702216 1719247 3.71427e+07 1399580 1417427 3.71415e+07 1401332 1418752 3.71196e+06 1.46844e+06 8384 2.23514e+06 2.99841e+07 169872 4.54139e+07 5.5166e+07 7.55508e+07 7.55508e+07  
20902 9.45136e+07 3553173 3585900 4.61308e+07 1755558 1771481 4.68244e+07 1791534 1808280 4.64786e+07 1757308 1773521 4.64767e+07 1756719 1772864 4.65459e+06 2.30419e+06 7934 2.34246e+06 4.68245e+07 161345 4.75277e+07 8.77382e+07 8.76588e+07 4.01311e+07  
20916 3.79238e+07 1424485 1438445 0 0 0 3.73629e+07 1424485 1438445 1.86818e+07 704911 711845 1.86811e+07 703764 710645 1.86942e+06 0 0 1.86942e+06 0 0 3.79238e+07 0 0 0  
20917 3.80596e+07 1427266 1440354 0 0 0 3.74966e+07 1427266 1440354 1.87477e+07 706049 712487 1.8749e+07 705320 711817 1.8746e+06 0 0 1.8746e+06 0 0 3.80596e+07 0 0 0  
20918 3.0728e+07 1164179 1175995 0 0 0 3.02736e+07 1164179 1175995 1.51369e+07 576273 582127 1.51367e+07 574920 580742 1.50408e+06 0 0 1.50408e+06 0 0 3.0728e+07 0 0 0  
20919 9.50172e+06 360686 364387 0 0 0 9.36117e+06 360686 364387 4.68057e+06 178220 180028 4.6806e+06 178397 180251 465232 0 0 465232 0 0 9.50172e+06 0 0 0  
20920 9.44387e+07 3559374 3594055 0 0 0 9.3042e+07 3559374 3594055 4.65215e+07 1761475 1778602 4.65204e+07 1758454 1775647 4.62601e+06 0 0 4.62601e+06 0 0 9.44387e+07 0 0 0  
20921 4.26153e+07 1606251 1621389 0 0 0 4.19849e+07 1606251 1621389 2.09917e+07 795211 802635 2.09932e+07 793206 800758 2.0878e+06 0 0 2.0878e+06 0 0 4.26153e+07 0 0 0  
20922 9.48158e+07 3553808 3588468 4.66519e+07 1778331 1796253 4.67043e+07 1773179 1789867 4.66763e+07 1757163 1774354 4.668e+07 1757065 1774132 4.63544e+06 2.31031e+06 2864 2.32227e+06 4.73525e+07 58546 4.74048e+07 9.01151e+07 9.01135e+07 4.27087e+07  
20923 4.46151e+06 165771 167240 4.39548e+06 165771 167240 0 0 0 2.19855e+06 82168 82940 2.19694e+06 81747 82426 217867 217867 0 0 4.46151e+06 0 0 0 0 0  
20924 9.49408e+07 3550304 3584391 4.61355e+07 1753615 1770986 4.7319e+07 1793588 1810257 4.67268e+07 1755443 1772172 4.67277e+07 1755353 1772315 4.64343e+06 2.28858e+06 4023 2.35083e+06 4.68279e+07 81929 4.8031e+07 7.27033e+07 7.27033e+07 2.46724e+07  
20925 9.4814e+07 3554246 3588955 4.97351e+07 1889627 1907761 4.3512e+07 1658475 1674996 4.66267e+07 1757102 1774203 4.66204e+07 1757447 1774680 4.64518e+06 2.47009e+06 8097 2.167e+06 5.04822e+07 165745 4.4166e+07 6.11621e+07 6.10788e+07 1.69128e+07  
20926 9.46994e+07 3554817 3589380 4.72866e+07 1802379 1820102 4.58512e+07 1746330 1763116 4.65697e+07 1758960 1776048 4.65681e+07 1756247 1773336 4.64042e+06 2.35101e+06 7913 2.28149e+06 4.79989e+07 161575 4.65389e+07 5.68762e+07 5.67941e+07 1.02552e+07  
20927 7.61024e+07 2866910 2896797 3.77533e+07 1443084 1456913 3.70671e+07 1417866 1433875 3.74123e+07 1417635 1432486 3.7408e+07 1417474 1432161 3.73848e+06 1.88046e+06 7713 1.85031e+06 3.83201e+07 158273 3.76241e+07 4.29765e+07 4.28976e+07 5.27353e+06  
20928 9.49086e+07 3574622 3609668 4.32383e+07 1655587 1671996 5.0112e+07 1913066 1931650 4.66756e+07 1766718 1784081 4.66747e+07 1768186 1785508 4.65532e+06 2.1526e+06 7694 2.49502e+06 4.38876e+07 156405 5.08646e+07 4.14358e+07 8.53233e+07 8.54012e+07  
20931 9.47529e+07 3540189 3587850 6.45044e+07 2448573 2476598 2.86811e+07 1085384 1104940 4.65937e+07 1750104 1773809 4.65918e+07 1750798 1774225 4.63811e+06 3.20667e+06 8374 1.42307e+06 6.54752e+07 169346 2.91083e+07 6.237e+07 6.22874e+07 4.70901e+07  
20938 5.84205e+07 2456979 2480887 4.36535e+07 1862681 1881042 1.37456e+07 587606 593092 2.87007e+07 1214583 1226378 2.86984e+07 1214875 1226722 2.86148e+06 2.16909e+06 7721 684652 4.43098e+07 158349 1.39518e+07 1.64352e+06 4.59533e+07 4.60332e+07  
20949 9.38413e+07 3973647 4013995 4.16788e+07 1790043 1808474 5.05505e+07 2174026 2195853 4.6117e+07 1964337 1984472 4.61123e+07 1965050 1984813 4.57802e+06 2.06075e+06 10948 2.50628e+06 4.23048e+07 226012 5.13094e+07 4.33705e+07 8.44174e+07 8.44923e+07  
20961 9.43889e+07 3986349 4027254 4.98124e+07 2138643 2161175 4.30934e+07 1844017 1862338 4.64528e+07 1970481 1990875 4.64531e+07 1971468 1991517 4.6607e+06 2.49307e+06 4341 2.16328e+06 5.05611e+07 87913 4.37399e+07 8.22147e+07 8.22065e+07 3.84666e+07  
20962 9.45901e+07 3983276 4028617 5.26429e+07 2247631 2274997 4.04606e+07 1731948 1749870 4.65526e+07 1968892 1991051 4.6551e+07 1969909 1992570 4.65834e+06 2.62798e+06 4269 2.02598e+06 5.34339e+07 87152 4.10665e+07 6.38228e+07 6.38143e+07 2.27478e+07  
20963 9.46198e+07 3978419 4027258 3.3078e+07 1409128 1426510 5.99019e+07 2559115 2590471 4.64907e+07 1965910 1989830 4.64892e+07 1968356 1992721 4.6514e+06 1.64894e+06 11999 2.99046e+06 3.35754e+07 244976 6.07994e+07 9.33055e+07 9.3223e+07 5.27138e+07  
20964 9.52249e+07 4000465 4040202 4.96391e+07 2112717 2134014 4.40113e+07 1880735 1899103 4.68252e+07 1978240 1997872 4.68252e+07 1977900 1997585 4.6909e+06 2.4797e+06 8182 2.20302e+06 5.0384e+07 167109 4.46738e+07 6.70829e+07 6.69996e+07 2.23258e+07  
20965 9.00863e+07 3778953 3821268 4.13153e+07 1754372 1774142 4.7196e+07 2014265 2036716 4.4258e+07 1868570 1889433 4.42532e+07 1868632 1889611 4.41403e+06 2.0465e+06 12113 2.35541e+06 4.19341e+07 247409 4.79049e+07 4.89293e+07 8.83592e+07 8.84417e+07  
20966 9.6011e+07 3996505 4035763 4.16538e+07 1760745 1778930 5.27735e+07 2228829 2249843 4.72152e+07 1976664 1996287 4.72121e+07 1975539 1994739 4.67903e+06 2.05933e+06 8081 2.61161e+06 4.22799e+07 165025 5.3566e+07 1.90387e+07 6.13186e+07 6.14016e+07  
20967 9.59233e+07 3993879 4031685 4.74808e+07 2003613 2022340 4.69428e+07 1986948 2005973 4.72129e+07 1975006 1993668 4.72107e+07 1974832 1993535 4.67623e+06 2.34608e+06 3790 2.32636e+06 4.81945e+07 81096 4.76477e+07 1.04343e+07 5.86288e+07 5.86288e+07  
20968 9.57343e+07 3985748 4025779 5.20191e+07 2196058 2216442 4.21253e+07 1782182 1801747 4.70742e+07 1970941 1990611 4.70701e+07 1970678 1990614 4.66103e+06 2.56855e+06 8699 2.08378e+06 5.28014e+07 176238 4.27567e+07 9.17647e+07 9.1751e+07 5.44782e+07  
20969 9.57814e+07 3992299 4030868 4.79217e+07 2027307 2047247 4.62821e+07 1958283 1976848 4.71038e+07 1973837 1992775 4.71e+07 1974167 1993364 4.66889e+06 2.36908e+06 7973 2.29184e+06 4.86397e+07 165792 4.69759e+07 8.57795e+07 8.56954e+07 3.87195e+07  
20971 9.60585e+07 3995221 4033776 5.071e+07 2136198 2156304 4.37638e+07 1852144 1870532 4.72378e+07 1975198 1994307 4.7236e+07 1975792 1994819 4.68173e+06 2.50648e+06 8073 2.16718e+06 5.14708e+07 166490 4.44211e+07 7.3644e+07 7.35638e+07 2.91427e+07  
20972 9.54735e+07 3982991 4021731 4.83017e+07 2042522 2062791 4.5603e+07 1933844 1952251 4.69539e+07 1967803 1986891 4.69507e+07 1970991 1990197 4.65243e+06 2.38746e+06 7906 2.25706e+06 4.90262e+07 160759 4.62865e+07 6.52783e+07 6.51979e+07 1.89114e+07  
20973 9.60935e+07 3989957 4035815 5.70943e+07 2404229 2427301 3.74095e+07 1578616 1601319 4.72532e+07 1973296 1996237 4.72506e+07 1972802 1995205 4.68132e+06 2.82358e+06 8246 1.84949e+06 5.79526e+07 168610 3.79723e+07 2.9552e+07 7.9135e+07 7.92184e+07  
20975 9.58153e+07 3987135 4027577 5.43333e+07 2290520 2311915 3.98167e+07 1686166 1705119 4.70745e+07 1972595 1992769 4.70755e+07 1970538 1990355 4.67098e+06 2.68792e+06 12340 1.97067e+06 5.51468e+07 251543 4.04159e+07 4.34997e+07 9.13786e+07 9.14638e+07  
20976 9.62407e+07 4002949 4040222 4.93061e+07 2078968 2098031 4.53477e+07 1916891 1935044 4.7327e+07 1978554 1996850 4.73267e+07 1979971 1998528 4.6934e+06 2.43904e+06 8286 2.24606e+06 5.00474e+07 166279 4.60266e+07 3.76994e+07 8.77472e+07 8.78294e+07  
20977 9.55271e+07 3986808 4028247 4.09022e+07 1731445 1749393 5.30549e+07 2248623 2272048 4.69775e+07 1971722 1992039 4.69796e+07 1971142 1991806 4.65809e+06 2.02259e+06 7895 2.6276e+06 4.15163e+07 159497 5.38512e+07 3.20767e+07 7.3593e+07 7.36756e+07  
20978 2.80537e+07 1168441 1179477 1.45385e+07 614242 619856 1.30193e+07 550808 556199 1.37789e+07 577413 582973 1.37789e+07 578161 583513 1.37057e+06 721130 4011 645427 1.47574e+07 82485 1.32138e+07 1.32963e+07 1.32138e+07 0  
20979 9.5389e+07 3982442 4024166 5.20413e+07 2203622 2227196 4.17797e+07 1772234 1790318 4.69134e+07 1969903 1990520 4.69075e+07 1968207 1988845 4.66768e+06 2.58351e+06 7750 2.07642e+06 5.28223e+07 160371 4.24064e+07 6.1389e+07 6.13084e+07 1.8902e+07  
20980 4.29836e+07 1794031 1819898 2.96752e+06 121291 129445 3.93798e+07 1672717 1690409 2.11739e+07 886929 899804 2.11735e+07 887358 900068 2.10064e+06 141756 0 1.95889e+06 3.01103e+06 0 3.99725e+07 0 3.01103e+06 3.01103e+06  
20982 9.61122e+07 3989335 4033058 4.91507e+07 2068885 2094029 4.53727e+07 1913421 1931933 4.72636e+07 1972325 1993976 4.72599e+07 1972871 1994466 4.69581e+06 2.43425e+06 8216 2.25335e+06 4.98898e+07 169529 4.60529e+07 7.00429e+07 6.9958e+07 2.39051e+07  
20983 3.64352e+07 854843 861887 2.52712e+07 601847 606951 1.04785e+07 249535 251452 1.7876e+07 422273 425712 1.78737e+07 423162 426682 1.7737e+06 1.24824e+06 7199 518267 2.56522e+07 148186 1.06348e+07 1.0783e+07 1.06348e+07 0  
20984 2.77881e+07 650570 655178 2.73766e+07 650570 655178 0 0 0 1.36896e+07 321789 324012 1.3687e+07 321554 323893 1.3524e+06 1.3524e+06 0 0 2.77881e+07 0 0 0 0 0  
20985 2.78235e+07 651958 656544 0 0 0 2.74119e+07 651958 656544 1.37075e+07 322847 325107 1.37043e+07 321945 324220 1.35536e+06 0 0 1.35536e+06 0 0 2.78235e+07 0 0 0  
20986 2.80414e+07 659621 665880 1.33506e+07 318486 321021 1.42638e+07 340837 344548 1.38064e+07 325876 328898 1.3808e+07 326261 329433 1.36595e+06 659573 580 705793 1.35538e+07 11931 1.44758e+07 1.44877e+07 1.44758e+07 0  
20988 2.79864e+07 654327 659149 2.7572e+07 654327 659149 0 0 0 1.37848e+07 323220 325617 1.37872e+07 323911 326269 1.36106e+06 1.36106e+06 0 0 2.79864e+07 0 0 0 0 0  
20989 2.77585e+07 649567 653978 1.73653e+06 41618 41927 2.54653e+07 604501 608578 1.36013e+07 321211 323412 1.36005e+07 321136 323284 1.35243e+06 86190 7048 1.25898e+06 1.76152e+06 144812 2.58477e+07 0 1.76152e+06 1.91074e+06  
20990 3.15115e+07 737672 742898 0 0 0 3.10452e+07 737672 742898 1.5523e+07 365408 368021 1.55222e+07 364076 366634 1.53422e+06 0 0 1.53422e+06 0 0 3.15115e+07 0 0 0  
20991 3.16086e+07 741536 746760 1.91298e+07 455314 458619 1.18662e+07 282787 284685 1.54961e+07 366773 369365 1.54998e+07 366583 369167 1.54174e+06 946236 7338 588166 1.94181e+07 150342 1.20401e+07 1.21905e+07 1.20401e+07 0  
20992 3.15187e+07 737761 742819 3.1052e+07 737761 742819 0 0 0 1.5524e+07 364793 367280 1.5528e+07 364606 367117 1.53511e+06 1.53511e+06 0 0 3.15187e+07 0 0 0 0 0  
20993 3.32278e+07 778802 787009 0 0 0 3.27362e+07 778802 787009 1.63692e+07 384594 388627 1.6367e+07 385515 389593 1.61852e+06 0 0 1.61852e+06 0 0 3.32278e+07 0 0 0  
20994 3.32616e+07 777928 783710 3.24711e+07 770790 776525 149575 3570 3595 1.63116e+07 384520 387388 1.63091e+07 384762 387608 1.61889e+06 1.60418e+06 7350 7359 3.29627e+07 148717 150145 298862 150145 0  
20995 9.57332e+07 3990863 4029200 4.59834e+07 1944862 1963373 4.82524e+07 2042560 2062334 4.71181e+07 1973448 1992432 4.71177e+07 1973180 1992119 4.68329e+06 2.2822e+06 4014 2.39708e+06 4.6674e+07 82569 4.89766e+07 4.32356e+07 8.99096e+07 8.99111e+07  
21001 7.90283e+07 1889256 1919292 3.2975e+07 799739 813424 4.47684e+07 1086734 1103036 3.88703e+07 934050 948829 3.88731e+07 934156 949083 3.85948e+06 1.63357e+06 5444 2.22047e+06 3.34731e+07 112561 4.54426e+07 7.17296e+07 7.16933e+07 2.62507e+07  
21002 9.56631e+07 3990321 4028397 5.02571e+07 2126897 2146646 4.38323e+07 1856721 1874991 4.70439e+07 1970820 1989673 4.70456e+07 1975024 1993798 4.67285e+06 2.49097e+06 7846 2.17404e+06 5.10116e+07 160255 4.44912e+07 7.1174e+07 7.10922e+07 2.66009e+07  
21003 4.68949e+07 1952044 1974945 1.69425e+07 716867 724005 2.91777e+07 1231767 1247500 2.30609e+07 965494 976712 2.30593e+07 964805 976223 2.29233e+06 841025 3986 1.44732e+06 1.71968e+07 81924 2.96162e+07 0 1.71968e+07 1.72787e+07  
21004 9.58156e+07 3988729 4028900 4.79216e+07 2024839 2046245 4.63149e+07 1956997 1975697 4.71177e+07 1972606 1992392 4.71189e+07 1972042 1991989 4.68384e+06 2.37569e+06 8107 2.30005e+06 4.86415e+07 164751 4.70093e+07 7.82805e+07 7.81993e+07 3.11899e+07  
21005 9.55888e+07 3987173 4026170 5.10629e+07 2158978 2179730 4.29501e+07 1821357 1839544 4.70084e+07 1971091 1990256 4.70046e+07 1971646 1991024 4.67822e+06 2.53382e+06 7994 2.1364e+06 5.18315e+07 163156 4.35941e+07 6.75219e+07 6.74408e+07 2.38467e+07  
21006 9.33518e+07 3894891 3941310 4.4125e+07 1869252 1891524 4.77204e+07 2020220 2044294 4.59237e+07 1926669 1949472 4.59216e+07 1925042 1948153 4.56607e+06 2.18956e+06 6268 2.37024e+06 4.47888e+07 126916 4.84361e+07 4.87395e+07 9.32002e+07 9.32008e+07 
