Run #	Pol	BCM u1		BCM u2		BCM u10
20579	[ 0]	0.02509  	0.02506  	0.02221  
20579	[++]	0.005673 	0.005647 	0.005    
20579	[--]	0.006655 	0.006669 	0.005915 
20579	[+-]	0.005672 	0.005646 	0.005    
20579	[-+]	0.006657 	0.00667  	0.005915 

20580	[ 0]	0.01167  	0.01166  	0.01033  
20580	[++]	0.002601 	0.002602 	0.002306 
20580	[--]	0.003136 	0.00313  	0.002772 
20580	[+-]	0.002601 	0.002602 	0.002306 
20580	[-+]	0.003137 	0.00313  	0.002772 

20581	[ 0]	0.01166  	0.01165  	0.01032  
20581	[++]	0.00311  	0.003106 	0.002751 
20581	[--]	0.002629 	0.002628 	0.002327 
20581	[+-]	0.00311  	0.003106 	0.00275  
20581	[-+]	0.002629 	0.002628 	0.002327 

20582	[ 0]	0.01373  	0.01372  	0.01216  
20582	[++]	0.00315  	0.003143 	0.002784 
20582	[--]	0.003602 	0.003602 	0.003192 
20582	[+-]	0.00315  	0.003144 	0.002784 
20582	[-+]	0.003603 	0.003603 	0.003192 

20583	[ 0]	0.008553 	0.008546 	0.00757  
20583	[++]	0.002913 	0.002912 	0.002579 
20583	[--]	0.001295 	0.001293 	0.001145 
20583	[+-]	0.002913 	0.002912 	0.002579 
20583	[-+]	0.001296 	0.001293 	0.001145 

20591	[ 0]	0.0009526	0.0009512	0.0008441
20591	[++]	0        	0        	0        
20591	[--]	0.0004692	0.0004685	0.0004158
20591	[+-]	0        	0        	0        
20591	[-+]	0.0004693	0.0004686	0.0004158

20596	[ 0]	0.0121   	0.01209  	0.0107   
20596	[++]	0.00126  	0.001261 	0.001116 
20596	[--]	0.00469  	0.004686 	0.004145 
20596	[+-]	0.00126  	0.001261 	0.001116 
20596	[-+]	0.004691 	0.004686 	0.004145 

20597	[ 0]	0.01214  	0.01214  	0.01074  
20597	[++]	0.004061 	0.004059 	0.00359  
20597	[--]	0.001911 	0.00191  	0.00169  
20597	[+-]	0.004061 	0.004059 	0.00359  
20597	[-+]	0.001911 	0.00191  	0.00169  

20598	[ 0]	0.01212  	0.01212  	0.01072  
20598	[++]	0.002736 	0.002733 	0.002417 
20598	[--]	0.003226 	0.003226 	0.002854 
20598	[+-]	0.002736 	0.002732 	0.002417 
20598	[-+]	0.003226 	0.003226 	0.002854 

20599	[ 0]	0.01207  	0.01207  	0.01068  
20599	[++]	0.00226  	0.002262 	0.002002 
20599	[--]	0.003678 	0.003673 	0.003249 
20599	[+-]	0.00226  	0.002262 	0.002002 
20599	[-+]	0.003678 	0.003673 	0.003249 

20600	[ 0]	0.02374  	0.02373  	0.02101  
20600	[++]	0.007519 	0.007523 	0.006662 
20600	[--]	0.004157 	0.004145 	0.003667 
20600	[+-]	0.007518 	0.007524 	0.006662 
20600	[-+]	0.004158 	0.004145 	0.003667 

20601	[ 0]	0.01256  	0.01255  	0.01112  
20601	[++]	0.003489 	0.003487 	0.003089 
20601	[--]	0.002691 	0.002687 	0.00238  
20601	[+-]	0.00349  	0.003488 	0.00309  
20601	[-+]	0.00269  	0.002686 	0.002379 

20609	[ 0]	0.02398  	0.02397  	0.02121  
20609	[++]	0.004078 	0.004065 	0.003595 
20609	[--]	0.007723 	0.007731 	0.006844 
20609	[+-]	0.004077 	0.004065 	0.003594 
20609	[-+]	0.007724 	0.007731 	0.006844 

20610	[ 0]	0.02416  	0.02415  	0.02137  
20610	[++]	0.006028 	0.006024 	0.005328 
20610	[--]	0.005854 	0.005854 	0.005179 
20610	[+-]	0.006029 	0.006024 	0.005328 
20610	[-+]	0.005854 	0.005854 	0.005179 

20611	[ 0]	0.02401  	0.024    	0.02124  
20611	[++]	0.006867 	0.006865 	0.006075 
20611	[--]	0.004941 	0.004938 	0.004369 
20611	[+-]	0.006866 	0.006865 	0.006074 
20611	[-+]	0.004941 	0.004937 	0.004368 

20612	[ 0]	0.0237   	0.02369  	0.02097  
20612	[++]	0.005811 	0.00582  	0.005155 
20612	[--]	0.005833 	0.005818 	0.005149 
20612	[+-]	0.00581  	0.00582  	0.005155 
20612	[-+]	0.005833 	0.005817 	0.005148 

20613	[ 0]	0.02412  	0.02411  	0.02133  
20613	[++]	0.005196 	0.005193 	0.004594 
20613	[--]	0.006676 	0.006675 	0.005906 
20613	[+-]	0.005196 	0.005192 	0.004593 
20613	[-+]	0.006677 	0.006676 	0.005906 

20614	[ 0]	0.02402  	0.024    	0.02124  
20614	[++]	0.007185 	0.007184 	0.006358 
20614	[--]	0.004616 	0.004611 	0.004079 
20614	[+-]	0.007184 	0.007183 	0.006357 
20614	[-+]	0.004616 	0.00461  	0.004079 

20615	[ 0]	0.02415  	0.02414  	0.02135  
20615	[++]	0.006399 	0.006395 	0.005657 
20615	[--]	0.005475 	0.005474 	0.004843 
20615	[+-]	0.006399 	0.006395 	0.005657 
20615	[-+]	0.005476 	0.005474 	0.004843 

20642	[ 0]	0.01157  	0.01156  	0.01024  
20642	[++]	0.001238 	0.001237 	0.001094 
20642	[--]	0.004451 	0.004449 	0.003938 
20642	[+-]	0.001238 	0.001237 	0.001095 
20642	[-+]	0.004451 	0.004449 	0.003938 

20643	[ 0]	0.02406  	0.02405  	0.02128  
20643	[++]	0.005361 	0.005362 	0.004745 
20643	[--]	0.006473 	0.006467 	0.005721 
20643	[+-]	0.005362 	0.005363 	0.004745 
20643	[-+]	0.006472 	0.006466 	0.005721 

20646	[ 0]	0.02412  	0.02411  	0.02133  
20646	[++]	0.005937 	0.005929 	0.005244 
20646	[--]	0.005913 	0.005916 	0.005235 
20646	[+-]	0.005937 	0.005929 	0.005244 
20646	[-+]	0.005913 	0.005916 	0.005235 

20647	[ 0]	0.02424  	0.02423  	0.02143  
20647	[++]	0.005539 	0.005535 	0.004895 
20647	[--]	0.006383 	0.006381 	0.005645 
20647	[+-]	0.005539 	0.005535 	0.004896 
20647	[-+]	0.006382 	0.006381 	0.005645 

20648	[ 0]	0.012    	0.01199  	0.01061  
20648	[++]	0.001658 	0.001646 	0.001455 
20648	[--]	0.004244 	0.004251 	0.003765 
20648	[+-]	0.001658 	0.001646 	0.001455 
20648	[-+]	0.004244 	0.004252 	0.003765 

20649	[ 0]	0.02407  	0.02406  	0.02129  
20649	[++]	0.006433 	0.006425 	0.005683 
20649	[--]	0.005407 	0.005408 	0.004786 
20649	[+-]	0.006434 	0.006425 	0.005683 
20649	[-+]	0.005407 	0.005409 	0.004787 

20650	[ 0]	0.02415  	0.02413  	0.02135  
20650	[++]	0.006651 	0.006649 	0.005882 
20650	[--]	0.005225 	0.00522  	0.004617 
20650	[+-]	0.006651 	0.006649 	0.005882 
20650	[-+]	0.005225 	0.00522  	0.004618 

20651	[ 0]	0.02418  	0.02417  	0.02138  
20651	[++]	0.005955 	0.005955 	0.005268 
20651	[--]	0.005925 	0.00592  	0.005236 
20651	[+-]	0.005955 	0.005955 	0.005267 
20651	[-+]	0.005926 	0.005921 	0.005237 

20652	[ 0]	0.02413  	0.02412  	0.02134  
20652	[++]	0.005523 	0.005522 	0.004885 
20652	[--]	0.006359 	0.006354 	0.00562  
20652	[+-]	0.005524 	0.005522 	0.004885 
20652	[-+]	0.006358 	0.006353 	0.00562  

20653	[ 0]	0.02405  	0.02403  	0.02127  
20653	[++]	0.005196 	0.005197 	0.004599 
20653	[--]	0.006644 	0.006637 	0.005871 
20653	[+-]	0.005196 	0.005197 	0.004599 
20653	[-+]	0.006643 	0.006637 	0.005871 

20654	[ 0]	0.02419  	0.02418  	0.02139  
20654	[++]	0.006431 	0.006432 	0.00569  
20654	[--]	0.005456 	0.005448 	0.004818 
20654	[+-]	0.006432 	0.006433 	0.005691 
20654	[-+]	0.005455 	0.005448 	0.004818 

20655	[ 0]	0.02419  	0.02418  	0.02139  
20655	[++]	0.006321 	0.006316 	0.005587 
20655	[--]	0.005575 	0.005573 	0.00493  
20655	[+-]	0.006321 	0.006316 	0.005587 
20655	[-+]	0.005575 	0.005574 	0.004931 

20656	[ 0]	0.02408  	0.02406  	0.02129  
20656	[++]	0.006298 	0.006289 	0.005562 
20656	[--]	0.005543 	0.005546 	0.004908 
20656	[+-]	0.006298 	0.006289 	0.005563 
20656	[-+]	0.005542 	0.005545 	0.004907 

20657	[ 0]	0.02405  	0.02404  	0.02127  
20657	[++]	0.005455 	0.005444 	0.004814 
20657	[--]	0.006361 	0.006366 	0.005634 
20657	[+-]	0.005457 	0.005445 	0.004815 
20657	[-+]	0.00636  	0.006366 	0.005634 

20658	[ 0]	0.02412  	0.02411  	0.02133  
20658	[++]	0.005011 	0.005006 	0.004428 
20658	[--]	0.006851 	0.00685  	0.006061 
20658	[+-]	0.005012 	0.005006 	0.004429 
20658	[-+]	0.00685  	0.00685  	0.006061 

20659	[ 0]	0.02424  	0.02423  	0.02143  
20659	[++]	0.005758 	0.005755 	0.005089 
20659	[--]	0.006163 	0.006161 	0.00545  
20659	[+-]	0.005759 	0.005755 	0.00509  
20659	[-+]	0.006163 	0.006161 	0.00545  

20660	[ 0]	0.02415  	0.02414  	0.02135  
20660	[++]	0.006489 	0.006487 	0.005738 
20660	[--]	0.005387 	0.005383 	0.004762 
20660	[+-]	0.00649  	0.006487 	0.005739 
20660	[-+]	0.005386 	0.005383 	0.004762 

20662	[ 0]	0.02413  	0.02412  	0.02134  
20662	[++]	0.005792 	0.005794 	0.005127 
20662	[--]	0.006077 	0.006068 	0.005367 
20662	[+-]	0.005792 	0.005794 	0.005127 
20662	[-+]	0.006077 	0.006068 	0.005367 

20663	[ 0]	0.02413  	0.02412  	0.02134  
20663	[++]	0.005625 	0.005626 	0.004978 
20663	[--]	0.00624  	0.006233 	0.005513 
20663	[+-]	0.005626 	0.005627 	0.004978 
20663	[-+]	0.00624  	0.006233 	0.005513 

20664	[ 0]	0.02404  	0.02403  	0.02126  
20664	[++]	0.005805 	0.005807 	0.005138 
20664	[--]	0.006018 	0.006009 	0.005315 
20664	[+-]	0.005805 	0.005807 	0.005138 
20664	[-+]	0.006017 	0.006009 	0.005315 

20665	[ 0]	0.02415  	0.02414  	0.02135  
20665	[++]	0.005809 	0.005801 	0.005131 
20665	[--]	0.006057 	0.006059 	0.005361 
20665	[+-]	0.00581  	0.005801 	0.005131 
20665	[-+]	0.006057 	0.00606  	0.005362 

20666	[ 0]	0.02409  	0.02408  	0.02131  
20666	[++]	0.006717 	0.006714 	0.00594  
20666	[--]	0.005131 	0.005128 	0.004537 
20666	[+-]	0.006718 	0.006715 	0.005941 
20666	[-+]	0.005131 	0.005128 	0.004537 

20667	[ 0]	0.02414  	0.02413  	0.02135  
20667	[++]	0.007381 	0.007388 	0.006538 
20667	[--]	0.004501 	0.004488 	0.003968 
20667	[+-]	0.007381 	0.007388 	0.006538 
20667	[-+]	0.0045   	0.004488 	0.003968 

20668	[ 0]	0.02419  	0.02417  	0.02139  
20668	[++]	0.00589  	0.005886 	0.005207 
20668	[--]	0.005994 	0.005991 	0.0053   
20668	[+-]	0.005891 	0.005887 	0.005207 
20668	[-+]	0.005993 	0.005991 	0.0053   

20669	[ 0]	0.024    	0.02399  	0.02123  
20669	[++]	0.005456 	0.005465 	0.004839 
20669	[--]	0.006349 	0.006333 	0.005602 
20669	[+-]	0.005456 	0.005465 	0.004839 
20669	[-+]	0.006348 	0.006332 	0.005601 

20670	[ 0]	0.02423  	0.02422  	0.02143  
20670	[++]	0.00552  	0.005517 	0.00488  
20670	[--]	0.006396 	0.006394 	0.005656 
20670	[+-]	0.005521 	0.005517 	0.00488  
20670	[-+]	0.006395 	0.006393 	0.005655 

20671	[ 0]	0.02417  	0.02416  	0.02137  
20671	[++]	0.006499 	0.006496 	0.005747 
20671	[--]	0.005376 	0.005373 	0.004754 
20671	[+-]	0.006499 	0.006496 	0.005747 
20671	[-+]	0.005376 	0.005374 	0.004754 

20672	[ 0]	0.01923  	0.01922  	0.017    
20672	[++]	0.004129 	0.004129 	0.003652 
20672	[--]	0.005334 	0.005329 	0.004714 
20672	[+-]	0.004128 	0.004128 	0.003652 
20672	[-+]	0.005333 	0.005329 	0.004714 

20673	[ 0]	0.02412  	0.0241   	0.02133  
20673	[++]	0.006875 	0.006873 	0.006081 
20673	[--]	0.004985 	0.00498  	0.004406 
20673	[+-]	0.006876 	0.006874 	0.006082 
20673	[-+]	0.004984 	0.00498  	0.004406 

20674	[ 0]	0.02418  	0.02417  	0.02138  
20674	[++]	0.005925 	0.00592  	0.005236 
20674	[--]	0.005967 	0.005967 	0.005279 
20674	[+-]	0.005926 	0.00592  	0.005236 
20674	[-+]	0.005967 	0.005967 	0.005279 

20682	[ 0]	0.02418  	0.02416  	0.02138  
20682	[++]	0.005387 	0.005382 	0.00476  
20682	[--]	0.006503 	0.006502 	0.005752 
20682	[+-]	0.005387 	0.005382 	0.004761 
20682	[-+]	0.006503 	0.006502 	0.005752 

20683	[ 0]	0.01602  	0.01601  	0.01417  
20683	[++]	0.003623 	0.003608 	0.00319  
20683	[--]	0.00425  	0.00426  	0.003773 
20683	[+-]	0.003624 	0.003608 	0.00319  
20683	[-+]	0.00425  	0.004261 	0.003774 

20684	[ 0]	0.02373  	0.02371  	0.021    
20684	[++]	0.008387 	0.008409 	0.007451 
20684	[--]	0.003284 	0.003252 	0.002873 
20684	[+-]	0.008388 	0.008409 	0.007452 
20684	[-+]	0.003283 	0.003252 	0.002873 

20685	[ 0]	0.02412  	0.02411  	0.02133  
20685	[++]	0.005821 	0.005818 	0.005146 
20685	[--]	0.006042 	0.006039 	0.005342 
20685	[+-]	0.005822 	0.005818 	0.005147 
20685	[-+]	0.006041 	0.006038 	0.005342 

20686	[ 0]	0.02422  	0.0242   	0.02141  
20686	[++]	0.00565  	0.005648 	0.004996 
20686	[--]	0.006259 	0.006256 	0.005533 
20686	[+-]	0.00565  	0.005648 	0.004996 
20686	[-+]	0.00626  	0.006256 	0.005534 

20687	[ 0]	0.0242   	0.02418  	0.02139  
20687	[++]	0.00563  	0.005628 	0.004979 
20687	[--]	0.00627  	0.006265 	0.005541 
20687	[+-]	0.00563  	0.005629 	0.004979 
20687	[-+]	0.00627  	0.006265 	0.005542 

20688	[ 0]	0.0242   	0.02418  	0.02139  
20688	[++]	0.005408 	0.005404 	0.00478  
20688	[--]	0.006492 	0.006489 	0.00574  
20688	[+-]	0.005408 	0.005404 	0.00478  
20688	[-+]	0.006492 	0.006489 	0.00574  

20689	[ 0]	0.02404  	0.02403  	0.02126  
20689	[++]	0.006783 	0.006778 	0.005997 
20689	[--]	0.005049 	0.005046 	0.004465 
20689	[+-]	0.006783 	0.006777 	0.005996 
20689	[-+]	0.005048 	0.005046 	0.004465 

20691	[ 0]	0.02425  	0.02424  	0.02144  
20691	[++]	0.00596  	0.005959 	0.005271 
20691	[--]	0.005965 	0.005962 	0.005273 
20691	[+-]	0.005961 	0.005959 	0.005272 
20691	[-+]	0.005965 	0.005962 	0.005273 

20692	[ 0]	0.02419  	0.02418  	0.02139  
20692	[++]	0.005937 	0.005932 	0.005246 
20692	[--]	0.005961 	0.005961 	0.005275 
20692	[+-]	0.005938 	0.005932 	0.005246 
20692	[-+]	0.005961 	0.005961 	0.005274 

20693	[ 0]	0.02405  	0.02404  	0.02127  
20693	[++]	0.006663 	0.006654 	0.005887 
20693	[--]	0.005176 	0.005178 	0.004583 
20693	[+-]	0.006663 	0.006654 	0.005887 
20693	[-+]	0.005177 	0.005179 	0.004583 

20694	[ 0]	0.02423  	0.02422  	0.02142  
20694	[++]	0.006552 	0.006553 	0.005796 
20694	[--]	0.005364 	0.005357 	0.004738 
20694	[+-]	0.006552 	0.006553 	0.005796 
20694	[-+]	0.005364 	0.005358 	0.004738 

20695	[ 0]	0.0241   	0.02408  	0.02131  
20695	[++]	0.005619 	0.005617 	0.004969 
20695	[--]	0.006223 	0.006217 	0.0055   
20695	[+-]	0.005619 	0.005617 	0.004969 
20695	[-+]	0.006221 	0.006216 	0.005499 

20696	[ 0]	0.02416  	0.02415  	0.02136  
20696	[++]	0.005396 	0.005393 	0.00477  
20696	[--]	0.006491 	0.006487 	0.005739 
20696	[+-]	0.005395 	0.005392 	0.00477  
20696	[-+]	0.006489 	0.006486 	0.005737 

20698	[ 0]	0.02418  	0.02417  	0.02138  
20698	[++]	0.005998 	0.005994 	0.005302 
20698	[--]	0.005885 	0.005881 	0.005203 
20698	[+-]	0.005998 	0.005994 	0.005302 
20698	[-+]	0.005884 	0.005881 	0.005203 

20699	[ 0]	0.02422  	0.02421  	0.02141  
20699	[++]	0.006535 	0.006534 	0.00578  
20699	[--]	0.005387 	0.005381 	0.004759 
20699	[+-]	0.006535 	0.006534 	0.00578  
20699	[-+]	0.005386 	0.005381 	0.004759 

20700	[ 0]	0.02411  	0.0241   	0.02132  
20700	[++]	0.007018 	0.007019 	0.00621  
20700	[--]	0.004845 	0.004837 	0.004278 
20700	[+-]	0.007019 	0.007019 	0.006211 
20700	[-+]	0.004844 	0.004836 	0.004278 

20701	[ 0]	0.02384  	0.02383  	0.02108  
20701	[++]	0.006352 	0.006351 	0.005618 
20701	[--]	0.005363 	0.005357 	0.004738 
20701	[+-]	0.006353 	0.006352 	0.005619 
20701	[-+]	0.005364 	0.005358 	0.004739 

20702	[ 0]	0.02409  	0.02407  	0.0213   
20702	[++]	0.005658 	0.005661 	0.00501  
20702	[--]	0.006188 	0.006177 	0.005464 
20702	[+-]	0.005658 	0.005662 	0.00501  
20702	[-+]	0.006187 	0.006177 	0.005464 

20703	[ 0]	0.02376  	0.02374  	0.02102  
20703	[++]	0.006153 	0.006152 	0.005447 
20703	[--]	0.00553  	0.005522 	0.004888 
20703	[+-]	0.006153 	0.006152 	0.005447 
20703	[-+]	0.005529 	0.005522 	0.004888 

20706	[ 0]	0.02415  	0.02414  	0.02136  
20706	[++]	0.006628 	0.006628 	0.005864 
20706	[--]	0.00525  	0.005243 	0.004638 
20706	[+-]	0.006628 	0.006628 	0.005864 
20706	[-+]	0.005249 	0.005243 	0.004637 

20707	[ 0]	0.02412  	0.02411  	0.02133  
20707	[++]	0.006447 	0.006441 	0.005698 
20707	[--]	0.005424 	0.005423 	0.004799 
20707	[+-]	0.006448 	0.006442 	0.005699 
20707	[-+]	0.005424 	0.005423 	0.004799 

20709	[ 0]	0.02418  	0.02417  	0.02138  
20709	[++]	0.005265 	0.00526  	0.004652 
20709	[--]	0.006634 	0.006634 	0.00587  
20709	[+-]	0.005265 	0.005259 	0.004651 
20709	[-+]	0.006634 	0.006635 	0.00587  

20710	[ 0]	0.02394  	0.02393  	0.02118  
20710	[++]	0.008347 	0.008359 	0.007402 
20710	[--]	0.003432 	0.003413 	0.003017 
20710	[+-]	0.008349 	0.00836  	0.007403 
20710	[-+]	0.003432 	0.003413 	0.003017 

20712	[ 0]	0.0242   	0.02419  	0.0214   
20712	[++]	0.006659 	0.006657 	0.00589  
20712	[--]	0.005233 	0.005228 	0.004625 
20712	[+-]	0.006659 	0.006657 	0.00589  
20712	[-+]	0.005233 	0.005228 	0.004625 

20713	[ 0]	0.02422  	0.02421  	0.02142  
20713	[++]	0.006128 	0.006124 	0.005416 
20713	[--]	0.005786 	0.005784 	0.005117 
20713	[+-]	0.006128 	0.006124 	0.005416 
20713	[-+]	0.005786 	0.005784 	0.005117 

20714	[ 0]	0.02417  	0.02416  	0.02138  
20714	[++]	0.006289 	0.006283 	0.005558 
20714	[--]	0.0056   	0.0056   	0.004954 
20714	[+-]	0.006289 	0.006283 	0.005558 
20714	[-+]	0.0056   	0.005599 	0.004954 

20715	[ 0]	0.02416  	0.02415  	0.02137  
20715	[++]	0.006488 	0.006486 	0.005737 
20715	[--]	0.005388 	0.005385 	0.004764 
20715	[+-]	0.006488 	0.006485 	0.005737 
20715	[-+]	0.005388 	0.005385 	0.004764 

20716	[ 0]	0.02412  	0.02411  	0.02133  
20716	[++]	0.005177 	0.005173 	0.004576 
20716	[--]	0.006685 	0.006683 	0.005913 
20716	[+-]	0.005177 	0.005173 	0.004577 
20716	[-+]	0.006685 	0.006682 	0.005912 

20717	[ 0]	0.02397  	0.02396  	0.0212   
20717	[++]	0.004235 	0.004226 	0.003738 
20717	[--]	0.007555 	0.007556 	0.006688 
20717	[+-]	0.004236 	0.004227 	0.003739 
20717	[-+]	0.007555 	0.007556 	0.006689 

20719	[ 0]	0.02404  	0.02403  	0.02126  
20719	[++]	0.00543  	0.005422 	0.004796 
20719	[--]	0.006395 	0.006397 	0.005661 
20719	[+-]	0.00543  	0.005422 	0.004796 
20719	[-+]	0.006395 	0.006397 	0.005661 

20720	[ 0]	0.02397  	0.02395  	0.0212   
20720	[++]	0.007211 	0.007211 	0.006382 
20720	[--]	0.004586 	0.004579 	0.004051 
20720	[+-]	0.007211 	0.007211 	0.006381 
20720	[-+]	0.004586 	0.004579 	0.004051 

20721	[ 0]	0.02417  	0.02416  	0.02137  
20721	[++]	0.00646  	0.006458 	0.005713 
20721	[--]	0.00543  	0.005425 	0.004798 
20721	[+-]	0.00646  	0.006458 	0.005713 
20721	[-+]	0.005429 	0.005425 	0.004799 

20722	[ 0]	0.024    	0.02399  	0.02122  
20722	[++]	0.005127 	0.005125 	0.004535 
20722	[--]	0.006682 	0.006677 	0.005908 
20722	[+-]	0.005127 	0.005126 	0.004535 
20722	[-+]	0.006681 	0.006677 	0.005907 

20723	[ 0]	0.02404  	0.02402  	0.02126  
20723	[++]	0.005214 	0.005211 	0.00461  
20723	[--]	0.006607 	0.006604 	0.005843 
20723	[+-]	0.005215 	0.005211 	0.00461  
20723	[-+]	0.006607 	0.006604 	0.005843 

20724	[ 0]	0.02403  	0.02402  	0.02125  
20724	[++]	0.005699 	0.005696 	0.005039 
20724	[--]	0.006111 	0.006107 	0.005403 
20724	[+-]	0.005699 	0.005695 	0.005039 
20724	[-+]	0.006111 	0.006108 	0.005404 

20725	[ 0]	0.02405  	0.02404  	0.02127  
20725	[++]	0.006581 	0.006578 	0.00582  
20725	[--]	0.005248 	0.005245 	0.00464  
20725	[+-]	0.006581 	0.006578 	0.00582  
20725	[-+]	0.005247 	0.005245 	0.00464  

20726	[ 0]	0.02394  	0.02393  	0.02117  
20726	[++]	0.006728 	0.006725 	0.00595  
20726	[--]	0.005049 	0.005046 	0.004465 
20726	[+-]	0.006729 	0.006725 	0.00595  
20726	[-+]	0.005048 	0.005045 	0.004464 

20727	[ 0]	0.02396  	0.02395  	0.0212   
20727	[++]	0.006274 	0.006294 	0.005575 
20727	[--]	0.005501 	0.005473 	0.004839 
20727	[+-]	0.006275 	0.006295 	0.005576 
20727	[-+]	0.005502 	0.005474 	0.00484  

20729	[ 0]	0.02411  	0.0241   	0.02132  
20729	[++]	0.006586 	0.006582 	0.005822 
20729	[--]	0.005271 	0.005269 	0.004662 
20729	[+-]	0.006587 	0.006583 	0.005823 
20729	[-+]	0.005271 	0.005269 	0.004661 

20730	[ 0]	0.01893  	0.01892  	0.01675  
20730	[++]	0.005021 	0.005006 	0.00443  
20730	[--]	0.004286 	0.004294 	0.003805 
20730	[+-]	0.005022 	0.005006 	0.004431 
20730	[-+]	0.004285 	0.004293 	0.003804 

20731	[ 0]	0.001813 	0.001812 	0.001604 
20731	[++]	0        	0        	0        
20731	[--]	0.0008933	0.0008926	0.0007904
20731	[+-]	0        	0        	0        
20731	[-+]	0.0008931	0.0008925	0.0007903

20732	[ 0]	0.001093 	0.001092 	0.0009682
20732	[++]	0        	0        	0        
20732	[--]	0.0005387	0.0005381	0.0004771
20732	[+-]	0        	0        	0        
20732	[-+]	0.0005383	0.0005377	0.0004768

20733	[ 0]	0.001755 	0.001753 	0.001555 
20733	[++]	0        	0        	0        
20733	[--]	0.0008648	0.0008637	0.000766 
20733	[+-]	0        	0        	0        
20733	[-+]	0.0008647	0.0008637	0.000766 

20734	[ 0]	0.0007104	0.0007095	0.0006292
20734	[++]	0        	0        	0        
20734	[--]	0.0003498	0.0003494	0.0003099
20734	[+-]	0        	0        	0        
20734	[-+]	0.00035  	0.0003496	0.0003101

20736	[ 0]	0.01661  	0.0166   	0.01469  
20736	[++]	0        	0        	0        
20736	[--]	0.008181 	0.008176 	0.007234 
20736	[+-]	0        	0        	0        
20736	[-+]	0.008181 	0.008176 	0.007234 

20737	[ 0]	0.0171   	0.01709  	0.01512  
20737	[++]	0        	0        	0        
20737	[--]	0.008422 	0.008417 	0.007447 
20737	[+-]	0        	0        	0        
20737	[-+]	0.008422 	0.008417 	0.007447 

20738	[ 0]	0.02421  	0.0242   	0.02141  
20738	[++]	0.005959 	0.005953 	0.005265 
20738	[--]	0.005947 	0.005947 	0.005262 
20738	[+-]	0.005959 	0.005953 	0.005265 
20738	[-+]	0.005947 	0.005947 	0.005262 

20739	[ 0]	0.02408  	0.02407  	0.02129  
20739	[++]	0.00682  	0.006819 	0.006033 
20739	[--]	0.005022 	0.005016 	0.004437 
20739	[+-]	0.006821 	0.00682  	0.006034 
20739	[-+]	0.005022 	0.005017 	0.004437 

20740	[ 0]	0.0241   	0.02409  	0.02131  
20740	[++]	0.005779 	0.005774 	0.005108 
20740	[--]	0.006077 	0.006075 	0.005375 
20740	[+-]	0.005779 	0.005774 	0.005108 
20740	[-+]	0.006076 	0.006074 	0.005374 

20741	[ 0]	0.0242   	0.02419  	0.0214   
20741	[++]	0.005716 	0.005715 	0.005055 
20741	[--]	0.006188 	0.006184 	0.00547  
20741	[+-]	0.005716 	0.005714 	0.005055 
20741	[-+]	0.006187 	0.006183 	0.005469 

20742	[ 0]	0.02457  	0.02456  	0.02173  
20742	[++]	0.005421 	0.005415 	0.004788 
20742	[--]	0.006665 	0.006665 	0.005897 
20742	[+-]	0.005421 	0.005415 	0.004788 
20742	[-+]	0.006665 	0.006666 	0.005897 

20744	[ 0]	0.02346  	0.02345  	0.02074  
20744	[++]	0.005838 	0.005837 	0.005164 
20744	[--]	0.005687 	0.005682 	0.005026 
20744	[+-]	0.005839 	0.005837 	0.005164 
20744	[-+]	0.005687 	0.005683 	0.005027 

20745	[ 0]	0.02405  	0.02404  	0.02127  
20745	[++]	0.006674 	0.006666 	0.005897 
20745	[--]	0.005154 	0.005155 	0.004562 
20745	[+-]	0.006675 	0.006666 	0.005897 
20745	[-+]	0.005154 	0.005155 	0.004562 

20746	[ 0]	0.02421  	0.0242   	0.02141  
20746	[++]	0.006332 	0.00633  	0.005599 
20746	[--]	0.005577 	0.005573 	0.004929 
20746	[+-]	0.006332 	0.00633  	0.005599 
20746	[-+]	0.005576 	0.005572 	0.004929 

20749	[ 0]	0.01854  	0.01853  	0.0164   
20749	[++]	0.004354 	0.004359 	0.003857 
20749	[--]	0.004761 	0.004751 	0.004202 
20749	[+-]	0.004355 	0.004359 	0.003858 
20749	[-+]	0.00476  	0.004751 	0.004202 

20750	[ 0]	0.02407  	0.02406  	0.02129  
20750	[++]	0.006451 	0.006441 	0.005698 
20750	[--]	0.005387 	0.00539  	0.004771 
20750	[+-]	0.006451 	0.006441 	0.005698 
20750	[-+]	0.005387 	0.00539  	0.00477  

20751	[ 0]	0.02367  	0.02365  	0.02094  
20751	[++]	0.003293 	0.003265 	0.002886 
20751	[--]	0.008343 	0.008362 	0.007411 
20751	[+-]	0.003294 	0.003265 	0.002886 
20751	[-+]	0.008342 	0.008362 	0.007411 

20752	[ 0]	0.02401  	0.024    	0.02124  
20752	[++]	0.006988 	0.006983 	0.006179 
20752	[--]	0.004839 	0.004838 	0.004282 
20752	[+-]	0.006988 	0.006982 	0.006178 
20752	[-+]	0.004839 	0.004838 	0.004282 

20754	[ 0]	0.02424  	0.02423  	0.02144  
20754	[++]	0.006732 	0.006734 	0.005957 
20754	[--]	0.00519  	0.005182 	0.004583 
20754	[+-]	0.006732 	0.006734 	0.005958 
20754	[-+]	0.005189 	0.005182 	0.004583 

20755	[ 0]	0.02422  	0.02421  	0.02141  
20755	[++]	0.00593  	0.005927 	0.005243 
20755	[--]	0.005969 	0.005967 	0.005278 
20755	[+-]	0.005932 	0.005929 	0.005244 
20755	[-+]	0.005969 	0.005967 	0.005278 

20756	[ 0]	0.02424  	0.02423  	0.02144  
20756	[++]	0.005943 	0.005942 	0.005255 
20756	[--]	0.00598  	0.005976 	0.005286 
20756	[+-]	0.005943 	0.005942 	0.005255 
20756	[-+]	0.00598  	0.005976 	0.005286 

20757	[ 0]	0.02406  	0.02405  	0.02128  
20757	[++]	0.003843 	0.003824 	0.00338  
20757	[--]	0.007988 	0.008001 	0.007082 
20757	[+-]	0.003844 	0.003825 	0.003381 
20757	[-+]	0.007988 	0.008001 	0.007083 

20759	[ 0]	0.01407  	0.01406  	0.01244  
20759	[++]	0.005527 	0.005524 	0.004886 
20759	[--]	0.001393 	0.001393 	0.001232 
20759	[+-]	0.005528 	0.005525 	0.004887 
20759	[-+]	0.001393 	0.001393 	0.001232 

20789	[ 0]	0.02432  	0.02431  	0.0215   
20789	[++]	0.006288 	0.006285 	0.005559 
20789	[--]	0.005674 	0.00567  	0.005015 
20789	[+-]	0.006287 	0.006285 	0.005559 
20789	[-+]	0.005673 	0.005669 	0.005015 

20791	[ 0]	0.01671  	0.0167   	0.01478  
20791	[++]	0.008231 	0.008225 	0.007282 
20791	[--]	0        	0        	0        
20791	[+-]	0.008232 	0.008225 	0.007282 
20791	[-+]	0        	0        	0        

20792	[ 0]	0.01688  	0.01687  	0.01493  
20792	[++]	0.008314 	0.008308 	0.007353 
20792	[--]	0        	0        	0        
20792	[+-]	0.008315 	0.008309 	0.007354 
20792	[-+]	0        	0        	0        

20814	[ 0]	0.02455  	0.02454  	0.02171  
20814	[++]	0.005886 	0.005882 	0.005202 
20814	[--]	0.006189 	0.006188 	0.005474 
20814	[+-]	0.005885 	0.005882 	0.005202 
20814	[-+]	0.006188 	0.006188 	0.005474 

20815	[ 0]	0.02711  	0.0271   	0.02397  
20815	[++]	0.007364 	0.007366 	0.006516 
20815	[--]	0.005969 	0.005962 	0.005272 
20815	[+-]	0.007365 	0.007367 	0.006516 
20815	[-+]	0.005969 	0.005963 	0.005273 

20816	[ 0]	0.0295   	0.02949  	0.02609  
20816	[++]	0.007043 	0.00704  	0.006225 
20816	[--]	0.007453 	0.007452 	0.006591 
20816	[+-]	0.007043 	0.00704  	0.006226 
20816	[-+]	0.007452 	0.007452 	0.006591 

20817	[ 0]	0.02833  	0.02832  	0.02505  
20817	[++]	0.005938 	0.005938 	0.005253 
20817	[--]	0.007993 	0.007989 	0.007067 
20817	[+-]	0.005939 	0.005938 	0.005253 
20817	[-+]	0.007993 	0.007989 	0.007067 

20818	[ 0]	0.02924  	0.02923  	0.02585  
20818	[++]	0.00674  	0.006739 	0.00596  
20818	[--]	0.007638 	0.007635 	0.006753 
20818	[+-]	0.006742 	0.00674  	0.005961 
20818	[-+]	0.007639 	0.007637 	0.006754 

20819	[ 0]	0.02571  	0.0257   	0.02274  
20819	[++]	0.007291 	0.007298 	0.006458 
20819	[--]	0.005342 	0.005331 	0.004714 
20819	[+-]	0.007291 	0.007298 	0.006458 
20819	[-+]	0.005341 	0.00533  	0.004714 

20820	[ 0]	0.02563  	0.02562  	0.02267  
20820	[++]	0.006093 	0.006088 	0.005384 
20820	[--]	0.006512 	0.006513 	0.005762 
20820	[+-]	0.006094 	0.006088 	0.005384 
20820	[-+]	0.006511 	0.006513 	0.005762 

20821	[ 0]	0.02941  	0.0294   	0.026    
20821	[++]	0.007897 	0.007899 	0.006985 
20821	[--]	0.006564 	0.006559 	0.0058   
20821	[+-]	0.007897 	0.007899 	0.006986 
20821	[-+]	0.006564 	0.006559 	0.0058   

20822	[ 0]	0.02738  	0.02738  	0.02422  
20822	[++]	0.007344 	0.00734  	0.006492 
20822	[--]	0.006122 	0.006122 	0.005416 
20822	[+-]	0.007345 	0.00734  	0.006492 
20822	[-+]	0.006122 	0.006122 	0.005416 

20823	[ 0]	0.02936  	0.02935  	0.02596  
20823	[++]	0.007774 	0.007777 	0.006879 
20823	[--]	0.006657 	0.006651 	0.005881 
20823	[+-]	0.007775 	0.007778 	0.006879 
20823	[-+]	0.006655 	0.006649 	0.005879 

20824	[ 0]	0.02974  	0.02973  	0.0263   
20824	[++]	0.006435 	0.006431 	0.005687 
20824	[--]	0.008192 	0.008192 	0.007245 
20824	[+-]	0.006434 	0.006431 	0.005687 
20824	[-+]	0.008191 	0.008191 	0.007245 

20827	[ 0]	0.03215  	0.03215  	0.02843  
20827	[++]	0.009566 	0.009566 	0.008461 
20827	[--]	0.006249 	0.006245 	0.005523 
20827	[+-]	0.009567 	0.009567 	0.008462 
20827	[-+]	0.006248 	0.006245 	0.005523 

20828	[ 0]	0.0318   	0.03179  	0.02812  
20828	[++]	0.008459 	0.008468 	0.007493 
20828	[--]	0.007168 	0.007154 	0.006326 
20828	[+-]	0.00846  	0.008469 	0.007494 
20828	[-+]	0.007168 	0.007154 	0.006326 

20830	[ 0]	0.02916  	0.02916  	0.02579  
20830	[++]	0.007132 	0.007131 	0.006306 
20830	[--]	0.00721  	0.007207 	0.006374 
20830	[+-]	0.007132 	0.007131 	0.006307 
20830	[-+]	0.007211 	0.007208 	0.006374 

20833	[ 0]	0.02721  	0.0272   	0.02406  
20833	[++]	0.006605 	0.006605 	0.005842 
20833	[--]	0.006774 	0.00677  	0.005987 
20833	[+-]	0.006606 	0.006607 	0.005844 
20833	[-+]	0.006774 	0.00677  	0.005987 

20844	[ 0]	0.02542  	0.02541  	0.02248  
20844	[++]	0.006731 	0.006731 	0.005954 
20844	[--]	0.005769 	0.005764 	0.005098 
20844	[+-]	0.00673  	0.006731 	0.005954 
20844	[-+]	0.005768 	0.005764 	0.005098 

20865	[ 0]	0.02437  	0.02435  	0.02155  
20865	[++]	0.005936 	0.005926 	0.005242 
20865	[--]	0.006043 	0.006045 	0.00535  
20865	[+-]	0.005937 	0.005927 	0.005243 
20865	[-+]	0.006042 	0.006045 	0.005351 

20866	[ 0]	0.02454  	0.02452  	0.0217   
20866	[++]	0.005565 	0.005561 	0.004919 
20866	[--]	0.006508 	0.006504 	0.005754 
20866	[+-]	0.005565 	0.005562 	0.00492  
20866	[-+]	0.006507 	0.006504 	0.005754 

20867	[ 0]	0.02448  	0.02446  	0.02164  
20867	[++]	0.004607 	0.004596 	0.004064 
20867	[--]	0.007431 	0.007435 	0.00658  
20867	[+-]	0.004608 	0.004596 	0.004065 
20867	[-+]	0.007431 	0.007435 	0.00658  

20868	[ 0]	0.03995  	0.03992  	0.03532  
20868	[++]	0.01106  	0.01105  	0.009775 
20868	[--]	0.008592 	0.008586 	0.007596 
20868	[+-]	0.01106  	0.01105  	0.009775 
20868	[-+]	0.008591 	0.008586 	0.007596 

20869	[ 0]	0.02446  	0.02445  	0.02163  
20869	[++]	0.005611 	0.00561  	0.004964 
20869	[--]	0.00642  	0.006413 	0.005673 
20869	[+-]	0.005612 	0.005611 	0.004964 
20869	[-+]	0.00642  	0.006413 	0.005673 

20870	[ 0]	0.02461  	0.02459  	0.02176  
20870	[++]	0.005856 	0.005852 	0.005175 
20870	[--]	0.006245 	0.006243 	0.005522 
20870	[+-]	0.005856 	0.005851 	0.005175 
20870	[-+]	0.006245 	0.006243 	0.005522 

20871	[ 0]	0.02461  	0.02459  	0.02176  
20871	[++]	0.005916 	0.005907 	0.005225 
20871	[--]	0.006179 	0.00618  	0.005469 
20871	[+-]	0.005917 	0.005908 	0.005226 
20871	[-+]	0.006178 	0.00618  	0.005469 

20872	[ 0]	0.02486  	0.02485  	0.02198  
20872	[++]	0.007071 	0.007072 	0.006257 
20872	[--]	0.005156 	0.005147 	0.004552 
20872	[+-]	0.00707  	0.007072 	0.006257 
20872	[-+]	0.005156 	0.005148 	0.004553 

20873	[ 0]	0.02475  	0.02474  	0.02189  
20873	[++]	0.006431 	0.006428 	0.005686 
20873	[--]	0.005742 	0.005738 	0.005075 
20873	[+-]	0.006432 	0.006429 	0.005687 
20873	[-+]	0.005742 	0.005738 	0.005076 

20874	[ 0]	0.02657  	0.02656  	0.0235   
20874	[++]	0.006953 	0.006942 	0.00614  
20874	[--]	0.006115 	0.006118 	0.005413 
20874	[+-]	0.006953 	0.006942 	0.00614  
20874	[-+]	0.006114 	0.006117 	0.005412 

20875	[ 0]	0.02731  	0.0273   	0.02414  
20875	[++]	0.006191 	0.006184 	0.005468 
20875	[--]	0.00724  	0.007239 	0.006403 
20875	[+-]	0.00619  	0.006184 	0.005468 
20875	[-+]	0.007239 	0.007239 	0.006403 

20876	[ 0]	0.02949  	0.02948  	0.02608  
20876	[++]	0.005682 	0.005676 	0.00502  
20876	[--]	0.008824 	0.008822 	0.007804 
20876	[+-]	0.005682 	0.005676 	0.00502  
20876	[-+]	0.008823 	0.008821 	0.007803 

20877	[ 0]	0.02928  	0.02926  	0.02588  
20877	[++]	0.006895 	0.006886 	0.006089 
20877	[--]	0.007505 	0.007506 	0.00664  
20877	[+-]	0.006895 	0.006887 	0.00609  
20877	[-+]	0.007504 	0.007506 	0.006639 

20878	[ 0]	0.02795  	0.02794  	0.02471  
20878	[++]	0.006345 	0.006343 	0.005609 
20878	[--]	0.007403 	0.007398 	0.006543 
20878	[+-]	0.006344 	0.006342 	0.005609 
20878	[-+]	0.007402 	0.007398 	0.006543 

22380	[ 0]	0.000435 	0.0004342	0.0003863
22380	[++]	0.0002143	0.0002139	0.0001903
22380	[--]	0        	0        	0        
22380	[+-]	0.0002144	0.0002139	0.0001903
22380	[-+]	0        	0        	0        

22393	[ 0]	0.02278  	0.02277  	0.02013  
22393	[++]	0.01122  	0.01121  	0.009914 
22393	[--]	0        	0        	0        
22393	[+-]	0.01122  	0.01122  	0.009915 
22393	[-+]	0        	0        	0        

22394	[ 0]	0.02274  	0.02273  	0.02009  
22394	[++]	0.0112   	0.01119  	0.009896 
22394	[--]	0        	0        	0        
22394	[+-]	0.0112   	0.0112   	0.009897 
22394	[-+]	0        	0        	0        

22399	[ 0]	0.02354  	0.02353  	0.02081  
22399	[++]	0.0116   	0.01159  	0.01025  
22399	[--]	0        	0        	0        
22399	[+-]	0.0116   	0.01159  	0.01025  
22399	[-+]	0        	0        	0        

22400	[ 0]	0.02359  	0.02359  	0.02085  
22400	[++]	0.01162  	0.01162  	0.01027  
22400	[--]	0        	0        	0        
22400	[+-]	0.01162  	0.01162  	0.01027  
22400	[-+]	0        	0        	0        

22401	[ 0]	0.02354  	0.02353  	0.0208   
22401	[++]	0.01159  	0.01159  	0.01025  
22401	[--]	0        	0        	0        
22401	[+-]	0.01159  	0.01159  	0.01025  
22401	[-+]	0        	0        	0        

22402	[ 0]	0.02354  	0.02353  	0.0208   
22402	[++]	0.01159  	0.01159  	0.01024  
22402	[--]	0        	0        	0        
22402	[+-]	0.01159  	0.01159  	0.01024  
22402	[-+]	0        	0        	0        

22403	[ 0]	0.02353  	0.02352  	0.0208   
22403	[++]	0.01159  	0.01159  	0.01024  
22403	[--]	0        	0        	0        
22403	[+-]	0.01159  	0.01159  	0.01024  
22403	[-+]	0        	0        	0        

22404	[ 0]	0.02358  	0.02357  	0.02083  
22404	[++]	0.01161  	0.01161  	0.01026  
22404	[--]	0        	0        	0        
22404	[+-]	0.01162  	0.01161  	0.01026  
22404	[-+]	0        	0        	0        

22405	[ 0]	0.02362  	0.02361  	0.02087  
22405	[++]	0.01163  	0.01163  	0.01028  
22405	[--]	0        	0        	0        
22405	[+-]	0.01163  	0.01163  	0.01028  
22405	[-+]	0        	0        	0        

22406	[ 0]	0.02365  	0.02364  	0.02089  
22406	[++]	0.01165  	0.01165  	0.01029  
22406	[--]	0        	0        	0        
22406	[+-]	0.01165  	0.01165  	0.01029  
22406	[-+]	0        	0        	0        

22407	[ 0]	0.02364  	0.02363  	0.02088  
22407	[++]	0.01164  	0.01164  	0.01029  
22407	[--]	0        	0        	0        
22407	[+-]	0.01164  	0.01164  	0.01029  
22407	[-+]	0        	0        	0        

22409	[ 0]	0.02361  	0.0236   	0.02086  
22409	[++]	0.01163  	0.01163  	0.01027  
22409	[--]	0        	0        	0        
22409	[+-]	0.01163  	0.01163  	0.01027  
22409	[-+]	0        	0        	0        

22410	[ 0]	0.02362  	0.02362  	0.02087  
22410	[++]	0.01164  	0.01163  	0.01028  
22410	[--]	0        	0        	0        
22410	[+-]	0.01164  	0.01163  	0.01028  
22410	[-+]	0        	0        	0        

22413	[ 0]	0.02365  	0.02364  	0.02089  
22413	[++]	0.01165  	0.01165  	0.01029  
22413	[--]	0        	0        	0        
22413	[+-]	0.01165  	0.01165  	0.01029  
22413	[-+]	0        	0        	0        

22414	[ 0]	0.02368  	0.02367  	0.02092  
22414	[++]	0.01166  	0.01166  	0.0103   
22414	[--]	0        	0        	0        
22414	[+-]	0.01167  	0.01166  	0.01031  
22414	[-+]	0        	0        	0        

22415	[ 0]	0.02372  	0.02371  	0.02096  
22415	[++]	0.01168  	0.01168  	0.01032  
22415	[--]	0        	0        	0        
22415	[+-]	0.01168  	0.01168  	0.01032  
22415	[-+]	0        	0        	0        

22417	[ 0]	0.02371  	0.02371  	0.02095  
22417	[++]	0.01168  	0.01168  	0.01032  
22417	[--]	0        	0        	0        
22417	[+-]	0.01168  	0.01168  	0.01032  
22417	[-+]	0        	0        	0        

22418	[ 0]	0.02365  	0.02364  	0.0209   
22418	[++]	0.01165  	0.01165  	0.01029  
22418	[--]	0        	0        	0        
22418	[+-]	0.01165  	0.01165  	0.01029  
22418	[-+]	0        	0        	0        

22419	[ 0]	0.02366  	0.02365  	0.02091  
22419	[++]	0.01166  	0.01165  	0.0103   
22419	[--]	0        	0        	0        
22419	[+-]	0.01166  	0.01165  	0.0103   
22419	[-+]	0        	0        	0        

22420	[ 0]	0.02402  	0.02402  	0.02123  
22420	[++]	0.01183  	0.01183  	0.01045  
22420	[--]	0        	0        	0        
22420	[+-]	0.01184  	0.01183  	0.01046  
22420	[-+]	0        	0        	0        

22422	[ 0]	0.02367  	0.02367  	0.02092  
22422	[++]	0.01166  	0.01166  	0.0103   
22422	[--]	0        	0        	0        
22422	[+-]	0.01166  	0.01166  	0.0103   
22422	[-+]	0        	0        	0        

22423	[ 0]	0.02365  	0.02364  	0.02089  
22423	[++]	0.01165  	0.01165  	0.01029  
22423	[--]	0        	0        	0        
22423	[+-]	0.01165  	0.01165  	0.01029  
22423	[-+]	0        	0        	0        

22425	[ 0]	0.004135 	0.004131 	0.003658 
22425	[++]	0.002037 	0.002035 	0.001802 
22425	[--]	0        	0        	0        
22425	[+-]	0.002037 	0.002035 	0.001802 
22425	[-+]	0        	0        	0        

22426	[ 0]	0.004233 	0.00423  	0.003746 
22426	[++]	0.002085 	0.002083 	0.001845 
22426	[--]	0        	0        	0        
22426	[+-]	0.002085 	0.002083 	0.001845 
22426	[-+]	0        	0        	0        

22436	[ 0]	0.0236   	0.02359  	0.02085  
22436	[++]	0.01162  	0.01162  	0.01027  
22436	[--]	0        	0        	0        
22436	[+-]	0.01163  	0.01162  	0.01027  
22436	[-+]	0        	0        	0        

22437	[ 0]	0.02361  	0.0236   	0.02086  
22437	[++]	0.01163  	0.01163  	0.01027  
22437	[--]	0        	0        	0        
22437	[+-]	0.01163  	0.01163  	0.01027  
22437	[-+]	0        	0        	0        

22447	[ 0]	0.02338  	0.02337  	0.02066  
22447	[++]	0        	0        	0        
22447	[--]	0.01152  	0.01151  	0.01018  
22447	[+-]	0        	0        	0        
22447	[-+]	0.01152  	0.01151  	0.01018  

22448	[ 0]	0.02336  	0.02335  	0.02064  
22448	[++]	0        	0        	0        
22448	[--]	0.01151  	0.0115   	0.01017  
22448	[+-]	0        	0        	0        
22448	[-+]	0.01151  	0.0115   	0.01017  

22449	[ 0]	0.02338  	0.02337  	0.02066  
22449	[++]	0        	0        	0        
22449	[--]	0.01152  	0.01151  	0.01018  
22449	[+-]	0        	0        	0        
22449	[-+]	0.01152  	0.01151  	0.01018  

22450	[ 0]	0.02334  	0.02334  	0.02063  
22450	[++]	0        	0        	0        
22450	[--]	0.0115   	0.0115   	0.01016  
22450	[+-]	0        	0        	0        
22450	[-+]	0.0115   	0.0115   	0.01016  

22451	[ 0]	0.02334  	0.02334  	0.02063  
22451	[++]	0        	0        	0        
22451	[--]	0.0115   	0.0115   	0.01016  
22451	[+-]	0        	0        	0        
22451	[-+]	0.0115   	0.0115   	0.01016  

22452	[ 0]	0.02336  	0.02335  	0.02064  
22452	[++]	0        	0        	0        
22452	[--]	0.01151  	0.0115   	0.01017  
22452	[+-]	0        	0        	0        
22452	[-+]	0.01151  	0.0115   	0.01017  

22453	[ 0]	0.02344  	0.02343  	0.02071  
22453	[++]	0        	0        	0        
22453	[--]	0.01155  	0.01154  	0.0102   
22453	[+-]	0        	0        	0        
22453	[-+]	0.01155  	0.01154  	0.0102   

22454	[ 0]	0.02338  	0.02337  	0.02066  
22454	[++]	0        	0        	0        
22454	[--]	0.01152  	0.01151  	0.01018  
22454	[+-]	0        	0        	0        
22454	[-+]	0.01152  	0.01151  	0.01018  

22455	[ 0]	0.02352  	0.02352  	0.02078  
22455	[++]	0        	0        	0        
22455	[--]	0.01159  	0.01158  	0.01024  
22455	[+-]	0        	0        	0        
22455	[-+]	0.01159  	0.01158  	0.01024  

22456	[ 0]	0.02342  	0.02342  	0.0207   
22456	[++]	0        	0        	0        
22456	[--]	0.01154  	0.01154  	0.01019  
22456	[+-]	0        	0        	0        
22456	[-+]	0.01154  	0.01154  	0.01019  

22457	[ 0]	0.02338  	0.02337  	0.02066  
22457	[++]	0        	0        	0        
22457	[--]	0.01152  	0.01151  	0.01017  
22457	[+-]	0        	0        	0        
22457	[-+]	0.01152  	0.01151  	0.01018  

22458	[ 0]	0.02339  	0.02339  	0.02067  
22458	[++]	0        	0        	0        
22458	[--]	0.01152  	0.01152  	0.01018  
22458	[+-]	0        	0        	0        
22458	[-+]	0.01152  	0.01152  	0.01018  

22459	[ 0]	0.0234   	0.0234   	0.02068  
22459	[++]	0        	0        	0        
22459	[--]	0.01153  	0.01152  	0.01019  
22459	[+-]	0        	0        	0        
22459	[-+]	0.01153  	0.01153  	0.01019  

22461	[ 0]	0.0005835	0.0005826	0.0005176
22461	[++]	0        	0        	0        
22461	[--]	0.0002875	0.000287 	0.000255 
22461	[+-]	0        	0        	0        
22461	[-+]	0.0002874	0.0002869	0.0002549

22465	[ 0]	0.0234   	0.02339  	0.02067  
22465	[++]	0        	0        	0        
22465	[--]	0.01153  	0.01152  	0.01018  
22465	[+-]	0        	0        	0        
22465	[-+]	0.01153  	0.01152  	0.01018  

22466	[ 0]	0.02339  	0.02338  	0.02066  
22466	[++]	0        	0        	0        
22466	[--]	0.01152  	0.01152  	0.01018  
22466	[+-]	0        	0        	0        
22466	[-+]	0.01152  	0.01152  	0.01018  

22469	[ 0]	0.02339  	0.02338  	0.02066  
22469	[++]	0        	0        	0        
22469	[--]	0.01152  	0.01152  	0.01018  
22469	[+-]	0        	0        	0        
22469	[-+]	0.01152  	0.01152  	0.01018  

22470	[ 0]	0.02335  	0.02334  	0.02063  
22470	[++]	0        	0        	0        
22470	[--]	0.0115   	0.0115   	0.01016  
22470	[+-]	0        	0        	0        
22470	[-+]	0.0115   	0.0115   	0.01016  

22471	[ 0]	0.02337  	0.02336  	0.02065  
22471	[++]	0        	0        	0        
22471	[--]	0.01151  	0.01151  	0.01017  
22471	[+-]	0        	0        	0        
22471	[-+]	0.01151  	0.01151  	0.01017  

22472	[ 0]	0.02337  	0.02336  	0.02065  
22472	[++]	0        	0        	0        
22472	[--]	0.01151  	0.01151  	0.01017  
22472	[+-]	0        	0        	0        
22472	[-+]	0.01151  	0.01151  	0.01017  

22473	[ 0]	0.02338  	0.02337  	0.02066  
22473	[++]	0        	0        	0        
22473	[--]	0.01152  	0.01151  	0.01018  
22473	[+-]	0        	0        	0        
22473	[-+]	0.01152  	0.01151  	0.01018  

22474	[ 0]	0.02337  	0.02336  	0.02065  
22474	[++]	0        	0        	0        
22474	[--]	0.01151  	0.01151  	0.01017  
22474	[+-]	0        	0        	0        
22474	[-+]	0.01151  	0.01151  	0.01017  

22475	[ 0]	0.02338  	0.02337  	0.02066  
22475	[++]	0        	0        	0        
22475	[--]	0.01152  	0.01151  	0.01018  
22475	[+-]	0        	0        	0        
22475	[-+]	0.01152  	0.01151  	0.01018  

22476	[ 0]	0.02338  	0.02337  	0.02066  
22476	[++]	0        	0        	0        
22476	[--]	0.01152  	0.01151  	0.01018  
22476	[+-]	0        	0        	0        
22476	[-+]	0.01152  	0.01151  	0.01018  

22478	[ 0]	0.0234   	0.02339  	0.02068  
22478	[++]	0        	0        	0        
22478	[--]	0.01153  	0.01152  	0.01018  
22478	[+-]	0        	0        	0        
22478	[-+]	0.01153  	0.01152  	0.01019  

22479	[ 0]	0.02339  	0.02338  	0.02066  
22479	[++]	0        	0        	0        
22479	[--]	0.01152  	0.01152  	0.01018  
22479	[+-]	0        	0        	0        
22479	[-+]	0.01152  	0.01152  	0.01018  

22480	[ 0]	0.02334  	0.02333  	0.02062  
22480	[++]	0        	0        	0        
22480	[--]	0.0115   	0.01149  	0.01016  
22480	[+-]	0        	0        	0        
22480	[-+]	0.0115   	0.01149  	0.01016  

22481	[ 0]	0.02336  	0.02335  	0.02064  
22481	[++]	0        	0        	0        
22481	[--]	0.01151  	0.0115   	0.01017  
22481	[+-]	0        	0        	0        
22481	[-+]	0.01151  	0.0115   	0.01017  

22482	[ 0]	0.02338  	0.02338  	0.02066  
22482	[++]	0        	0        	0        
22482	[--]	0.01152  	0.01152  	0.01018  
22482	[+-]	0        	0        	0        
22482	[-+]	0.01152  	0.01152  	0.01018  

22483	[ 0]	0.02341  	0.0234   	0.02068  
22483	[++]	0        	0        	0        
22483	[--]	0.01153  	0.01153  	0.01019  
22483	[+-]	0        	0        	0        
22483	[-+]	0.01153  	0.01153  	0.01019  

22484	[ 0]	0.0234   	0.0234   	0.02068  
22484	[++]	0        	0        	0        
22484	[--]	0.01153  	0.01153  	0.01019  
22484	[+-]	0        	0        	0        
22484	[-+]	0.01153  	0.01153  	0.01019  

22485	[ 0]	0.02345  	0.02344  	0.02072  
22485	[++]	0        	0        	0        
22485	[--]	0.01155  	0.01155  	0.0102   
22485	[+-]	0        	0        	0        
22485	[-+]	0.01155  	0.01155  	0.01021  

22486	[ 0]	0.02338  	0.02337  	0.02066  
22486	[++]	0        	0        	0        
22486	[--]	0.01152  	0.01151  	0.01017  
22486	[+-]	0        	0        	0        
22486	[-+]	0.01152  	0.01151  	0.01018  

22487	[ 0]	0.02336  	0.02335  	0.02064  
22487	[++]	0        	0        	0        
22487	[--]	0.01151  	0.0115   	0.01017  
22487	[+-]	0        	0        	0        
22487	[-+]	0.01151  	0.0115   	0.01017  

22488	[ 0]	0.02337  	0.02336  	0.02065  
22488	[++]	0        	0        	0        
22488	[--]	0.01151  	0.01151  	0.01017  
22488	[+-]	0        	0        	0        
22488	[-+]	0.01151  	0.01151  	0.01017  

