#        Q^2                         GMp                                           GMn                                          GEp                                           GEn
#-----------------------------------------------------------------------------------------------------------------------------------------------------------------------------------------------------
0.00000000e+00 2.78205916e+00 2.56631167e+00 3.02137596e+00 -1.93180226e+00 -1.71605476e+00 -2.17111906e+00 1.00000000e+00 1.00000000e+00 1.00000000e+00 0.00000000e+00 0.00000000e+00 0.00000000e+00
1.14924623e-02 2.64511539e+00 2.43536335e+00 2.87610357e+00 -1.81236946e+00 -1.60280497e+00 -2.04354519e+00 9.68275045e-01 9.66551853e-01 9.69773383e-01 1.12990514e-02 1.08619509e-02 1.28336609e-02
2.29849246e-02 2.51861971e+00 2.31467390e+00 2.74173916e+00 -1.70284930e+00 -1.49925659e+00 -1.92632185e+00 9.38218850e-01 9.34922597e-01 9.41089216e-01 2.15488374e-02 2.06616623e-02 2.44850122e-02
3.44773869e-02 2.40151117e+00 2.20317543e+00 2.61719211e+00 -1.60220247e+00 -1.40436533e+00 -1.81838201e+00 9.09706906e-01 9.04973283e-01 9.13834976e-01 3.08490664e-02 2.95046594e-02 3.50668384e-02
4.59698492e-02 2.29286136e+00 2.09993684e+00 2.50150584e+00 -1.50952107e+00 -1.31722241e+00 -1.71879142e+00 8.82626644e-01 8.76578569e-01 8.87908707e-01 3.92887348e-02 3.74846844e-02 4.46796567e-02
5.74623116e-02 2.19185497e+00 2.00414319e+00 2.39383851e+00 -1.42400929e+00 -1.23703407e+00 -1.62672940e+00 8.56876054e-01 8.49625115e-01 8.63217822e-01 4.69474371e-02 4.46851875e-02 5.34132445e-02
6.89547739e-02 2.09777355e+00 1.91507869e+00 2.29344683e+00 -1.34496727e+00 -1.16310456e+00 -1.54147271e+00 8.32362490e-01 8.24010187e-01 8.39678063e-01 5.38964949e-02 5.11806060e-02 6.13479509e-02
8.04472362e-02 2.00998200e+00 1.83211247e+00 2.19967248e+00 -1.27177756e+00 -1.09482205e+00 -1.46238205e+00 8.09001625e-01 7.99640466e-01 8.17212594e-01 6.01999332e-02 5.70374642e-02 6.85558277e-02
9.19396985e-02 1.92791719e+00 1.75468675e+00 2.11193066e+00 -1.20389382e+00 -1.03164680e+00 -1.38889071e+00 7.86716552e-01 7.76430992e-01 7.95751213e-01 6.59153273e-02 6.23153238e-02 7.51016072e-02
1.03432161e-01 1.85107829e+00 1.68230681e+00 2.02970048e+00 -1.14083127e+00 -9.73101250e-01 -1.32049492e+00 7.65436989e-01 7.54304266e-01 7.75229658e-01 7.10945386e-02 6.70676047e-02 8.10435490e-02
1.14924623e-01 1.77901872e+00 1.61453260e+00 1.95251663e+00 -1.08215855e+00 -9.18761659e-01 -1.25674569e+00 7.45098588e-01 7.33189449e-01 7.55588993e-01 7.57843564e-02 7.13422989e-02 8.64341770e-02
1.26417085e-01 1.71133914e+00 1.55097161e+00 1.87996248e+00 -1.02749088e+00 -8.68251011e-01 -1.19724188e+00 7.25642326e-01 7.13021671e-01 7.36775076e-01 8.00270582e-02 7.51825902e-02 9.13209213e-02
1.37909548e-01 1.64768161e+00 1.49127280e+00 1.81166400e+00 -9.76484191e-01 -8.21233004e-01 -1.14162420e+00 7.07013972e-01 6.93741418e-01 7.18738086e-01 8.38609004e-02 7.86273950e-02 9.57466790e-02
1.49402010e-01 1.58772445e+00 1.43512142e+00 1.74728465e+00 -9.28830049e-01 -7.77406912e-01 -1.08957014e+00 6.89163607e-01 6.75293992e-01 7.01432100e-01 8.73205500e-02 8.17118354e-02 9.97503055e-02
1.60894472e-01 1.53117796e+00 1.38223455e+00 1.68652091e+00 -8.84251379e-01 -7.36503185e-01 -1.04078954e+00 6.72045214e-01 6.57629044e-01 6.84814723e-01 9.04374628e-02 8.44676534e-02 1.03367046e-01
1.72386935e-01 1.47778062e+00 1.33235730e+00 1.62909847e+00 -8.42498727e-01 -6.98279678e-01 -9.95020843e-01 6.55616302e-01 6.40700144e-01 6.68846759e-01 9.32402180e-02 8.69235740e-02 1.06628913e-01
1.83879397e-01 1.42729585e+00 1.28525955e+00 1.57476890e+00 -8.03347043e-01 -6.62518388e-01 -9.52027736e-01 6.39837577e-01 6.24464417e-01 6.53491917e-01 9.57548132e-02 8.91056256e-02 1.09565025e-01
1.95371859e-01 1.37950919e+00 1.24073305e+00 1.52330675e+00 -7.66592887e-01 -6.29022645e-01 -9.11596351e-01 6.24672652e-01 6.08882207e-01 6.38716543e-01 9.80049257e-02 9.10374221e-02 1.12201897e-01
2.06864322e-01 1.33422585e+00 1.19858897e+00 1.47450704e+00 -7.32052007e-01 -5.97614673e-01 -8.73532749e-01 6.10087776e-01 5.93916783e-01 6.24489393e-01 1.00012144e-01 9.27404117e-02 1.14563706e-01
2.18356784e-01 1.29126857e+00 1.15865576e+00 1.42818305e+00 -6.99557222e-01 -5.68133466e-01 -8.37660751e-01 5.96051612e-01 5.79534078e-01 6.10781417e-01 1.01796174e-01 9.42340975e-02 1.16672521e-01
2.29849246e-01 1.25047574e+00 1.12077727e+00 1.38416437e+00 -6.68956572e-01 -5.40432940e-01 -8.03820036e-01 5.82535015e-01 5.65702449e-01 5.97565573e-01 1.03375021e-01 9.55362333e-02 1.18548509e-01
2.41341709e-01 1.21169979e+00 1.08481110e+00 1.34229526e+00 -6.40111699e-01 -5.14380317e-01 -7.71864473e-01 5.69510853e-01 5.52392471e-01 5.84816657e-01 1.04765154e-01 9.66629967e-02 1.20210120e-01
2.52834171e-01 1.17480567e+00 1.05062716e+00 1.30243310e+00 -6.12896422e-01 -4.89854708e-01 -7.41660647e-01 5.56953831e-01 5.39576743e-01 5.72511146e-01 1.05981652e-01 9.76291442e-02 1.21674249e-01
2.64326633e-01 1.13966967e+00 1.01810641e+00 1.26444710e+00 -5.87195486e-01 -4.66745871e-01 -7.13086567e-01 5.44840340e-01 5.27229723e-01 5.60627066e-01 1.07038331e-01 9.84481480e-02 1.22956385e-01
2.75819095e-01 1.10617824e+00 9.87139732e-01 1.22821714e+00 -5.62903455e-01 -4.44953113e-01 -6.86030521e-01 5.33148323e-01 5.15327566e-01 5.49143865e-01 1.07947865e-01 9.91323196e-02 1.24070736e-01
2.87311558e-01 1.07422698e+00 9.57626968e-01 1.19363270e+00 -5.39923731e-01 -4.24384323e-01 -6.60390059e-01 5.21857145e-01 5.03847995e-01 5.38042299e-01 1.08721888e-01 9.96929195e-02 1.25030355e-01
2.98804020e-01 1.04371982e+00 9.29476020e-01 1.16059200e+00 -5.18167695e-01 -4.04955120e-01 -6.36071100e-01 5.10947484e-01 4.92770169e-01 5.27304328e-01 1.09371088e-01 1.00140255e-01 1.25847235e-01
3.10296482e-01 1.01456818e+00 9.02602087e-01 1.12900112e+00 -4.97553927e-01 -3.86588095e-01 -6.12987126e-01 5.00401224e-01 4.82074572e-01 5.16913029e-01 1.09905293e-01 1.00483769e-01 1.26532413e-01
3.21788945e-01 9.86690291e-01 8.76926976e-01 1.09877331e+00 -4.78007531e-01 -3.69212134e-01 -5.91058473e-01 4.90201370e-01 4.71742910e-01 5.06852506e-01 1.10333546e-01 1.00732118e-01 1.27096048e-01
3.33281407e-01 9.60010560e-01 8.52378484e-01 1.06982835e+00 -4.59459518e-01 -3.52761827e-01 -5.70211695e-01 4.80331955e-01 4.61758015e-01 4.97107815e-01 1.10664173e-01 1.00893244e-01 1.27547500e-01
3.44773869e-01 9.34459029e-01 8.28889857e-01 1.04209192e+00 -4.41846264e-01 -3.37176927e-01 -5.50378995e-01 4.70777970e-01 4.52103764e-01 4.87664895e-01 1.10904847e-01 1.00974441e-01 1.27895402e-01
3.56266332e-01 9.09970864e-01 8.06399290e-01 1.01549513e+00 -4.25109023e-01 -3.22401879e-01 -5.31497717e-01 4.61525288e-01 4.42764998e-01 4.78510500e-01 1.11062644e-01 1.00982406e-01 1.28147718e-01
3.67758794e-01 8.86485908e-01 7.84849497e-01 9.89973996e-01 -4.09193486e-01 -3.08385389e-01 -5.13509889e-01 4.52560605e-01 4.33727454e-01 4.69632146e-01 1.11144091e-01 1.00923299e-01 1.28311801e-01
3.79251256e-01 8.63948279e-01 7.64187312e-01 9.65469076e-01 -3.94049394e-01 -2.95080049e-01 -4.96361813e-01 4.43871378e-01 4.24977698e-01 4.61018054e-01 1.11155213e-01 1.00802783e-01 1.28394447e-01
3.90743719e-01 8.42306004e-01 7.44363335e-01 9.41925046e-01 -3.79630183e-01 -2.82441986e-01 -4.80003697e-01 4.35445773e-01 4.16503067e-01 4.52657101e-01 1.11101578e-01 1.00626072e-01 1.28401937e-01
4.02236181e-01 8.21510695e-01 7.25331616e-01 9.19290375e-01 -3.65892665e-01 -2.70430561e-01 -4.64389320e-01 4.27272615e-01 4.08291614e-01 4.44538774e-01 1.10988330e-01 1.00397966e-01 1.28340082e-01
4.13728643e-01 8.01517254e-01 7.07049362e-01 8.97517011e-01 -3.52796745e-01 -2.59008085e-01 -4.49475734e-01 4.19341343e-01 4.00332060e-01 4.36653131e-01 1.10820228e-01 1.00122889e-01 1.28214261e-01
4.25221106e-01 7.82283601e-01 6.89476682e-01 8.76560100e-01 -3.40305159e-01 -2.48139574e-01 -4.35222991e-01 4.11641969e-01 3.92613748e-01 4.28990764e-01 1.10601672e-01 9.98049159e-02 1.28029454e-01
4.36713568e-01 7.63770435e-01 6.72576351e-01 8.56377731e-01 -3.28383245e-01 -2.37792520e-01 -4.21593901e-01 4.04165038e-01 3.85126599e-01 4.21542757e-01 1.10336738e-01 9.94478067e-02 1.27790278e-01
4.48206030e-01 7.45941014e-01 6.56313591e-01 8.36930705e-01 -3.16998724e-01 -2.27936689e-01 -4.08553803e-01 3.96901597e-01 3.77861075e-01 4.14300662e-01 1.10029198e-01 9.90550289e-02 1.27501010e-01
4.59698492e-01 7.28760957e-01 6.40655889e-01 8.18182325e-01 -3.06121516e-01 -2.18543933e-01 -3.96070369e-01 3.89843158e-01 3.70808146e-01 4.07256465e-01 1.09682548e-01 9.86297829e-02 1.27165619e-01
4.71190955e-01 7.12198058e-01 6.25572808e-01 8.00098204e-01 -2.95723560e-01 -2.09588022e-01 -3.84113419e-01 3.82981669e-01 3.63959250e-01 4.00402556e-01 1.09300026e-01 9.81750232e-02 1.26787787e-01
4.82683417e-01 6.96222124e-01 6.11035839e-01 7.82646093e-01 -2.85778656e-01 -2.01044496e-01 -3.72654750e-01 3.76309489e-01 3.57306272e-01 3.93731711e-01 1.08884637e-01 9.76934783e-02 1.26370930e-01
4.94175879e-01 6.80804825e-01 5.97018248e-01 7.65795716e-01 -2.76262324e-01 -1.92890521e-01 -3.61667989e-01 3.69819360e-01 3.50841508e-01 3.87237060e-01 1.08439166e-01 9.71876689e-02 1.25918224e-01
5.05668342e-01 6.65919552e-01 5.83494946e-01 7.49518633e-01 -2.67151671e-01 -1.85104765e-01 -3.51128451e-01 3.63504384e-01 3.44557645e-01 3.80912071e-01 1.07966198e-01 9.66599239e-02 1.25432615e-01
5.17160804e-01 6.51541297e-01 5.70442367e-01 7.33788098e-01 -2.58425266e-01 -1.77667285e-01 -3.41013016e-01 3.57358000e-01 3.38447732e-01 3.74750526e-01 1.07468130e-01 9.61123960e-02 1.24916843e-01
5.28653266e-01 6.37646532e-01 5.57838358e-01 7.18578947e-01 -2.50063041e-01 -1.70559417e-01 -3.31300006e-01 3.51373967e-01 3.32505163e-01 3.68746505e-01 1.06947189e-01 9.55470752e-02 1.24373456e-01
5.40145729e-01 6.24213108e-01 5.45662075e-01 7.03867476e-01 -2.42046179e-01 -1.63763686e-01 -3.21969088e-01 3.45546341e-01 3.26723650e-01 3.62894366e-01 1.06405443e-01 9.49658013e-02 1.23804820e-01
5.51638191e-01 6.11220155e-01 5.33893893e-01 6.89631348e-01 -2.34357030e-01 -1.57263715e-01 -3.13001169e-01 3.39869458e-01 3.21097212e-01 3.57188732e-01 1.05844810e-01 9.43702757e-02 1.23213139e-01
5.63130653e-01 5.98647996e-01 5.22515321e-01 6.75849491e-01 -2.26979025e-01 -1.51044143e-01 -3.04378312e-01 3.34337922e-01 3.15620149e-01 3.51624472e-01 1.05267075e-01 9.37620721e-02 1.22600460e-01
5.74623116e-01 5.86478062e-01 5.11508918e-01 6.62502017e-01 -2.19896598e-01 -1.45090555e-01 -2.96083653e-01 3.28946582e-01 3.10287030e-01 3.46196689e-01 1.04673893e-01 9.31426457e-02 1.21968692e-01
5.86115578e-01 5.74692820e-01 5.00858229e-01 6.49570140e-01 -2.13095114e-01 -1.39389413e-01 -2.88101324e-01 3.23690527e-01 3.05092678e-01 3.40900708e-01 1.04066806e-01 9.25133428e-02 1.21319607e-01
5.97608040e-01 5.63275701e-01 4.90547712e-01 6.37036101e-01 -2.06560806e-01 -1.33927996e-01 -2.80416385e-01 3.18565065e-01 3.00032153e-01 3.35732061e-01 1.03447242e-01 9.18754086e-02 1.20654858e-01
6.09100503e-01 5.52211038e-01 4.80562679e-01 6.24883106e-01 -2.00280717e-01 -1.28694336e-01 -2.73014763e-01 3.13565716e-01 2.95100741e-01 3.30686477e-01 1.02816533e-01 9.12299946e-02 1.19975983e-01
6.20592965e-01 5.41484007e-01 4.70889241e-01 6.13095254e-01 -1.94242637e-01 -1.23677176e-01 -2.65883189e-01 3.08688195e-01 2.90293938e-01 3.25759870e-01 1.02175913e-01 9.05781661e-02 1.19284413e-01
6.32085427e-01 5.31080569e-01 4.61514256e-01 6.01657489e-01 -1.88435063e-01 -1.18865912e-01 -2.59009146e-01 3.03928409e-01 2.85607444e-01 3.20948333e-01 1.01526531e-01 8.99209081e-02 1.18581482e-01
6.43577889e-01 5.20987426e-01 4.52425276e-01 5.90555539e-01 -1.82847140e-01 -1.14250556e-01 -2.52380819e-01 2.99282437e-01 2.81037147e-01 3.16248123e-01 1.00869455e-01 8.92591314e-02 1.17868431e-01
6.55070352e-01 5.11191967e-01 4.43610510e-01 5.79775872e-01 -1.77468630e-01 -1.09821689e-01 -2.45987052e-01 2.94746531e-01 2.76579114e-01 3.11655656e-01 1.00205678e-01 8.85936782e-02 1.17146418e-01
6.66562814e-01 5.01682233e-01 4.35058776e-01 5.69305645e-01 -1.72289860e-01 -1.05570428e-01 -2.39817296e-01 2.90317099e-01 2.72229582e-01 3.07167498e-01 9.95361207e-02 8.79253265e-02 1.16416519e-01
6.78055276e-01 4.92446870e-01 4.26759469e-01 5.59132665e-01 -1.67301697e-01 -1.01488387e-01 -2.33861582e-01 2.85990701e-01 2.67984950e-01 3.02780356e-01 9.88616413e-02 8.72547955e-02 1.15679737e-01
6.89547739e-01 4.83475093e-01 4.18702520e-01 5.49245349e-01 -1.62495501e-01 -9.75676455e-02 -2.28110475e-01 2.81764039e-01 2.63841770e-01 2.98491073e-01 9.81830358e-02 8.65827494e-02 1.14937006e-01
7.01040201e-01 4.74756656e-01 4.10878366e-01 5.39632687e-01 -1.57863103e-01 -9.38007213e-02 -2.22555043e-01 2.77633952e-01 2.59796737e-01 2.94296620e-01 9.75010442e-02 8.59098015e-02 1.14189197e-01
7.12532663e-01 4.66281814e-01 4.03277919e-01 5.30284205e-01 -1.53396773e-01 -9.01805391e-02 -2.17186826e-01 2.73597407e-01 2.55846683e-01 2.90194087e-01 9.68163535e-02 8.52365177e-02 1.13437120e-01
7.24025126e-01 4.58041298e-01 3.95892538e-01 5.21189940e-01 -1.49089190e-01 -8.67004063e-02 -2.11997808e-01 2.69651493e-01 2.51988573e-01 2.86180682e-01 9.61296019e-02 8.45634200e-02 1.12681528e-01
7.35517588e-01 4.50026285e-01 3.88714002e-01 5.12340401e-01 -1.44933417e-01 -8.33539889e-02 -2.06980388e-01 2.65793416e-01 2.48219494e-01 2.82253722e-01 9.54413820e-02 8.38909898e-02 1.11923123e-01
7.47010050e-01 4.42228371e-01 3.81734487e-01 5.03726551e-01 -1.40922881e-01 -8.01352891e-02 -2.02127353e-01 2.62020493e-01 2.44536649e-01 2.78410629e-01 9.47522433e-02 8.32196703e-02 1.11162559e-01
7.58502513e-01 4.34639548e-01 3.74946539e-01 4.95339775e-01 -1.37051348e-01 -7.70386247e-02 -1.97431861e-01 2.58330146e-01 2.40937357e-01 2.74648924e-01 9.40626960e-02 8.25498698e-02 1.10400444e-01
7.69994975e-01 4.27252184e-01 3.68343057e-01 4.87171857e-01 -1.33312904e-01 -7.40586102e-02 -1.92887410e-01 2.54719896e-01 2.37419038e-01 2.70966223e-01 9.33732130e-02 8.18819635e-02 1.09637342e-01
7.81487437e-01 4.20058996e-01 3.61917273e-01 4.79214960e-01 -1.29701933e-01 -7.11901382e-02 -1.88487826e-01 2.51187362e-01 2.33979218e-01 2.67360232e-01 9.26842327e-02 8.12162965e-02 1.08873779e-01
7.92979899e-01 4.13053038e-01 3.55662728e-01 4.71461604e-01 -1.26213103e-01 -6.84283635e-02 -1.84227240e-01 2.47730250e-01 2.30615517e-01 2.63828743e-01 9.19961609e-02 8.05531855e-02 1.08110244e-01
8.04472362e-01 4.06227674e-01 3.49573262e-01 4.63904644e-01 -1.22841349e-01 -6.57686870e-02 -1.80100069e-01 2.44346357e-01 2.27325648e-01 2.60369630e-01 9.13093736e-02 7.98929206e-02 1.07347191e-01
8.15964824e-01 3.99576570e-01 3.43642993e-01 4.56537254e-01 -1.19581854e-01 -6.32067416e-02 -1.76101003e-01 2.41033559e-01 2.24107409e-01 2.56980846e-01 9.06242185e-02 7.92357679e-02 1.06585041e-01
8.27457286e-01 3.93093671e-01 3.37866302e-01 4.49352911e-01 -1.16430038e-01 -6.07383785e-02 -1.72224988e-01 2.37789814e-01 2.20958683e-01 2.53660418e-01 8.99410170e-02 7.85819703e-02 1.05824185e-01
8.38949749e-01 3.86773187e-01 3.32237820e-01 4.42345376e-01 -1.13381546e-01 -5.83596548e-02 -1.68467210e-01 2.34613151e-01 2.17877435e-01 2.50406446e-01 8.92600659e-02 7.79317497e-02 1.05064985e-01
8.50442211e-01 3.80609583e-01 3.26752416e-01 4.35508680e-01 -1.10432230e-01 -5.60668213e-02 -1.64823085e-01 2.31501676e-01 2.14861701e-01 2.47217096e-01 8.85816391e-02 7.72853083e-02 1.04307778e-01
8.61934673e-01 3.74597560e-01 3.21405181e-01 4.28837110e-01 -1.07578140e-01 -5.38563120e-02 -1.61288241e-01 2.28453561e-01 2.11909594e-01 2.44090599e-01 8.79059891e-02 7.66428299e-02 1.03552876e-01
8.73427136e-01 3.68732047e-01 3.16191418e-01 4.22325198e-01 -1.04815517e-01 -5.17247334e-02 -1.57858513e-01 2.25467042e-01 2.09019293e-01 2.41025252e-01 8.72333483e-02 7.60044812e-02 1.02800566e-01
8.84919598e-01 3.63008189e-01 3.11106633e-01 4.15967703e-01 -1.02140774e-01 -4.96688551e-02 -1.54529925e-01 2.22540420e-01 2.06189044e-01 2.38019407e-01 8.65639303e-02 7.53704131e-02 1.02051114e-01
8.96412060e-01 3.57421331e-01 3.06146520e-01 4.09759605e-01 -9.95504949e-02 -4.76856006e-02 -1.51298686e-01 2.19672055e-01 2.03417157e-01 2.35071476e-01 8.58979315e-02 7.47407617e-02 1.01304767e-01
9.07904523e-01 3.51967016e-01 3.01306956e-01 4.03696091e-01 -9.70414201e-02 -4.57720390e-02 -1.48161174e-01 2.16860366e-01 2.00702003e-01 2.32179924e-01 8.52355315e-02 7.41156493e-02 1.00561752e-01
9.19396985e-01 3.46640966e-01 2.96583988e-01 3.97772545e-01 -9.46104401e-02 -4.39253769e-02 -1.45113933e-01 2.14103825e-01 1.98042008e-01 2.29343270e-01 8.45768951e-02 7.34951855e-02 9.98222768e-02
9.30889447e-01 3.41439082e-01 2.91973829e-01 3.91984537e-01 -9.22545868e-02 -4.21429512e-02 -1.42153660e-01 2.11400957e-01 1.95435656e-01 2.26560083e-01 8.39221724e-02 7.28794678e-02 9.90865344e-02
9.42381910e-01 3.36357428e-01 2.87472843e-01 3.86327818e-01 -8.99710266e-02 -4.04222218e-02 -1.39277198e-01 2.08750338e-01 1.92881482e-01 2.23828977e-01 8.32715004e-02 7.22685829e-02 9.83547014e-02
9.53874372e-01 3.31392226e-01 2.83077544e-01 3.80798307e-01 -8.77570527e-02 -3.87607651e-02 -1.36481528e-01 2.06150592e-01 1.90378074e-01 2.21148616e-01 8.26250034e-02 7.16626069e-02 9.76269396e-02
9.65366834e-01 3.26539850e-01 2.78784587e-01 3.75392083e-01 -8.56100789e-02 -3.71562683e-02 -1.33763764e-01 2.03600388e-01 1.87924066e-01 2.18517706e-01 8.19827943e-02 7.10616066e-02 9.69033972e-02
9.76859296e-01 3.21796816e-01 2.74590758e-01 3.70105381e-01 -8.35276333e-02 -3.56065230e-02 -1.31121146e-01 2.01098442e-01 1.85518140e-01 2.15934996e-01 8.13449748e-02 7.04656398e-02 9.61842095e-02
9.88351759e-01 3.17159776e-01 2.70492972e-01 3.64934581e-01 -8.15073523e-02 -3.41094201e-02 -1.28551029e-01 1.98643510e-01 1.83159023e-01 2.13399276e-01 8.07116366e-02 6.98747559e-02 9.54694998e-02
9.99844221e-01 3.12625511e-01 2.66488263e-01 3.59876202e-01 -7.95469752e-02 -3.26629443e-02 -1.26050883e-01 1.96234391e-01 1.80845483e-01 2.10909373e-01 8.00828617e-02 6.92889967e-02 9.47593801e-02
1.01133668e+00 3.08190928e-01 2.62573782e-01 3.54926898e-01 -7.76443390e-02 -3.12651701e-02 -1.23618285e-01 1.93869921e-01 1.78576331e-01 2.08464154e-01 7.94587234e-02 6.87083969e-02 9.40539516e-02
1.02282915e+00 3.03853049e-01 2.58746790e-01 3.50083446e-01 -7.57973733e-02 -2.99142562e-02 -1.21250913e-01 1.91548975e-01 1.76350415e-01 2.06062520e-01 7.88392865e-02 6.81329845e-02 9.33533059e-02
1.03432161e+00 2.99609011e-01 2.55004650e-01 3.45342749e-01 -7.40040961e-02 -2.86084420e-02 -1.18946541e-01 1.89270464e-01 1.74166624e-01 2.03703410e-01 7.82246081e-02 6.75627814e-02 9.26575250e-02
1.04581407e+00 2.95456057e-01 2.51344828e-01 3.40701821e-01 -7.22626091e-02 -2.73460432e-02 -1.16703036e-01 1.87033334e-01 1.72023880e-01 2.01385792e-01 7.76147380e-02 6.69978038e-02 9.19666825e-02
1.05730653e+00 2.91391533e-01 2.47764885e-01 3.36157788e-01 -7.05710935e-02 -2.61254482e-02 -1.14518352e-01 1.84836564e-01 1.69921143e-01 1.99108668e-01 7.70097192e-02 6.64380624e-02 9.12808437e-02
1.06879899e+00 2.87412882e-01 2.44262470e-01 3.31707882e-01 -6.89278065e-02 -2.49451142e-02 -1.12390526e-01 1.82679165e-01 1.67857402e-01 1.96871071e-01 7.64095885e-02 6.58835632e-02 9.06000662e-02
1.08029146e+00 2.83517641e-01 2.40835324e-01 3.27349435e-01 -6.73310774e-02 -2.38035643e-02 -1.10317675e-01 1.80560178e-01 1.65831684e-01 1.94672064e-01 7.58143766e-02 6.53343076e-02 8.99244007e-02
1.09178392e+00 2.79703438e-01 2.37481266e-01 3.23079874e-01 -6.57793040e-02 -2.26993838e-02 -1.08297992e-01 1.78478675e-01 1.63843041e-01 1.92510736e-01 7.52241089e-02 6.47902926e-02 8.92538911e-02
1.10327638e+00 2.75967984e-01 2.34198197e-01 3.18896720e-01 -6.42709496e-02 -2.16312173e-02 -1.06329740e-01 1.76433757e-01 1.61890560e-01 1.90386207e-01 7.46388053e-02 6.42515117e-02 8.85885749e-02
1.11476884e+00 2.72309073e-01 2.30984094e-01 3.14797580e-01 -6.28045400e-02 -2.05977663e-02 -1.04411252e-01 1.74424551e-01 1.59973352e-01 1.88297621e-01 7.40584813e-02 6.37179545e-02 8.79284840e-02
1.12626131e+00 2.68724577e-01 2.27837006e-01 3.10780148e-01 -6.13786599e-02 -1.95977857e-02 -1.02540927e-01 1.72450211e-01 1.58090559e-01 1.86244149e-01 7.34831476e-02 6.31896072e-02 8.72736447e-02
1.13775377e+00 2.65212442e-01 2.24755052e-01 3.06842195e-01 -5.99919510e-02 -1.86300820e-02 -1.00717225e-01 1.70509917e-01 1.56241348e-01 1.84224983e-01 7.29128110e-02 6.26664532e-02 8.66240781e-02
1.14924623e+00 2.61770688e-01 2.21736416e-01 3.02981573e-01 -5.86431087e-02 -1.76935104e-02 -9.89386666e-02 1.68602872e-01 1.54424912e-01 1.82239344e-01 7.23474743e-02 6.21484728e-02 8.59798008e-02
1.16073869e+00 2.58397402e-01 2.18779348e-01 2.99196204e-01 -5.73308801e-02 -1.67869726e-02 -9.72038288e-02 1.66728305e-01 1.52640466e-01 1.80286472e-01 7.17871366e-02 6.16356439e-02 8.53408247e-02
1.17223116e+00 2.55090736e-01 2.15882157e-01 2.95484085e-01 -5.60540612e-02 -1.59094150e-02 -9.55113431e-02 1.64885466e-01 1.50887253e-01 1.78365629e-01 7.12317937e-02 6.11279419e-02 8.47071576e-02
1.18372362e+00 2.51848907e-01 2.13043211e-01 2.91843278e-01 -5.48114951e-02 -1.50598260e-02 -9.38598928e-02 1.63073628e-01 1.49164536e-01 1.76476100e-01 7.06814384e-02 6.06253401e-02 8.40788034e-02
1.19521608e+00 2.48670190e-01 2.10260934e-01 2.88271911e-01 -5.36020696e-02 -1.42372345e-02 -9.22482111e-02 1.61292084e-01 1.47471600e-01 1.74617190e-01 7.01360605e-02 6.01278096e-02 8.34557624e-02
1.20670854e+00 2.45552921e-01 2.07533804e-01 2.84768174e-01 -5.24247150e-02 -1.34407081e-02 -9.06750780e-02 1.59540149e-01 1.45807752e-01 1.72788223e-01 6.95956470e-02 5.96353198e-02 8.28380314e-02
1.21820101e+00 2.42495489e-01 2.04860350e-01 2.81330318e-01 -5.12784029e-02 -1.26693512e-02 -8.91393194e-02 1.57817156e-01 1.44172318e-01 1.70988542e-01 6.90601825e-02 5.91478385e-02 8.22256041e-02
1.22969347e+00 2.39496338e-01 2.02239150e-01 2.77956651e-01 -5.01621437e-02 -1.19223030e-02 -8.76398042e-02 1.56122458e-01 1.42564646e-01 1.69217510e-01 6.85296495e-02 5.86653317e-02 8.16184714e-02
1.24118593e+00 2.36553962e-01 1.99668831e-01 2.74645536e-01 -4.90749851e-02 -1.11987368e-02 -8.61754428e-02 1.54455427e-01 1.40984101e-01 1.67474505e-01 6.80040279e-02 5.81877641e-02 8.10166214e-02
1.25267839e+00 2.33666905e-01 1.97148063e-01 2.71395391e-01 -4.80160107e-02 -1.04978576e-02 -8.47451853e-02 1.52815452e-01 1.39430067e-01 1.65758924e-01 6.74832960e-02 5.77150994e-02 8.04200394e-02
1.26417085e+00 2.30833758e-01 1.94675562e-01 2.68204681e-01 -4.69843379e-02 -9.81890113e-03 -8.33480199e-02 1.51201937e-01 1.37901946e-01 1.64070180e-01 6.69674301e-02 5.72472998e-02 7.98287086e-02
1.27566332e+00 2.28053157e-01 1.92250085e-01 2.65071923e-01 -4.59791172e-02 -9.16113254e-03 -8.19829709e-02 1.49614308e-01 1.36399156e-01 1.62407703e-01 6.64564049e-02 5.67843267e-02 7.92426101e-02
1.28715578e+00 2.25323783e-01 1.89870428e-01 2.61995681e-01 -4.49995300e-02 -8.52384491e-03 -8.06490979e-02 1.48052001e-01 1.34921132e-01 1.60770938e-01 6.59501936e-02 5.63261404e-02 7.86617226e-02
1.29864824e+00 2.22644357e-01 1.87535428e-01 2.58974563e-01 -4.40447878e-02 -7.90635816e-03 -7.93454933e-02 1.46514471e-01 1.33467326e-01 1.59159343e-01 6.54487676e-02 5.58727006e-02 7.80860232e-02
1.31014070e+00 2.20013642e-01 1.85243958e-01 2.56007222e-01 -4.31141309e-02 -7.30801788e-03 -7.80712821e-02 1.45001187e-01 1.32037203e-01 1.57572394e-01 6.49520976e-02 5.54239660e-02 7.75154871e-02
1.32163317e+00 2.17430439e-01 1.82994927e-01 2.53092352e-01 -4.22068269e-02 -6.72819418e-03 -7.68256194e-02 1.43511632e-01 1.30630245e-01 1.56009578e-01 6.44601526e-02 5.49798949e-02 7.69500881e-02
1.33312563e+00 2.14893585e-01 1.80787277e-01 2.50228687e-01 -4.13221696e-02 -6.16628069e-03 -7.56076901e-02 1.42045303e-01 1.29245947e-01 1.54470397e-01 6.39729007e-02 5.45404450e-02 7.63897982e-02
1.34461809e+00 2.12401956e-01 1.78619986e-01 2.47414999e-01 -4.04594783e-02 -5.62169353e-03 -7.44167072e-02 1.40601712e-01 1.27883819e-01 1.52954365e-01 6.34903090e-02 5.41055733e-02 7.58345883e-02
1.35611055e+00 2.09954460e-01 1.76492061e-01 2.44650101e-01 -3.96180963e-02 -5.09387038e-03 -7.32519107e-02 1.39180383e-01 1.26543383e-01 1.51461011e-01 6.30123437e-02 5.36752366e-02 7.52844278e-02
1.36760302e+00 2.07550039e-01 1.74402541e-01 2.41932838e-01 -3.87973902e-02 -4.58226957e-03 -7.21125666e-02 1.37780851e-01 1.25224175e-01 1.49989874e-01 6.25389702e-02 5.32493914e-02 7.47392853e-02
1.37909548e+00 2.05187668e-01 1.72350496e-01 2.39262092e-01 -3.79967486e-02 -4.08636922e-03 -7.09979659e-02 1.36402666e-01 1.23925744e-01 1.48540506e-01 6.20701532e-02 5.28279937e-02 7.41991279e-02
1.39058794e+00 2.02866351e-01 1.70335020e-01 2.36636777e-01 -3.72155818e-02 -3.60566640e-03 -6.99074235e-02 1.35045388e-01 1.22647649e-01 1.47112470e-01 6.16058564e-02 5.24109993e-02 7.36639220e-02
1.40208040e+00 2.00585123e-01 1.68355239e-01 2.34055840e-01 -3.64533202e-02 -3.13967638e-03 -6.88402773e-02 1.33708589e-01 1.21389463e-01 1.45705339e-01 6.11460435e-02 5.19983640e-02 7.31336330e-02
1.41357286e+00 1.98343048e-01 1.66410304e-01 2.31518259e-01 -3.57094140e-02 -2.68793185e-03 -6.77958871e-02 1.32391853e-01 1.20150769e-01 1.44318700e-01 6.06906771e-02 5.15900434e-02 7.26082257e-02
1.42506533e+00 1.96139217e-01 1.64499389e-01 2.29023041e-01 -3.49833324e-02 -2.24998224e-03 -6.67736343e-02 1.31094772e-01 1.18931161e-01 1.42952148e-01 6.02397197e-02 5.11859928e-02 7.20876639e-02
1.43655779e+00 1.93972748e-01 1.62621696e-01 2.26569224e-01 -3.42745625e-02 -1.82539302e-03 -6.57729204e-02 1.29816952e-01 1.17730245e-01 1.41605288e-01 5.97931334e-02 5.07861678e-02 7.15719110e-02
1.44805025e+00 1.91842784e-01 1.60776449e-01 2.24155871e-01 -3.35826090e-02 -1.41374503e-03 -6.47931665e-02 1.28558007e-01 1.16547636e-01 1.40277737e-01 5.93508796e-02 5.03905236e-02 7.10609295e-02
1.45954271e+00 1.89748493e-01 1.58962894e-01 2.21782073e-01 -3.29069931e-02 -1.01463393e-03 -6.38338128e-02 1.27317560e-01 1.15382959e-01 1.38969118e-01 5.89129197e-02 4.99990159e-02 7.05546818e-02
1.47103518e+00 1.87689068e-01 1.57180301e-01 2.19446949e-01 -3.22472522e-02 -6.27669546e-04 -6.28943174e-02 1.26095246e-01 1.14235848e-01 1.37679067e-01 5.84792149e-02 4.96116001e-02 7.00531294e-02
1.48252764e+00 1.85663725e-01 1.55427959e-01 2.17149639e-01 -3.16029391e-02 -2.52475324e-04 -6.19741559e-02 1.24890706e-01 1.13105950e-01 1.36407227e-01 5.80497260e-02 4.92282319e-02 6.95562336e-02
1.49402010e+00 1.83671700e-01 1.53705178e-01 2.14889311e-01 -3.09736216e-02 1.11312198e-04 -6.10728207e-02 1.23703593e-01 1.11992916e-01 1.35153250e-01 5.76244137e-02 4.88488670e-02 6.90639555e-02
1.50551256e+00 1.81712253e-01 1.52011290e-01 2.12665155e-01 -3.03588815e-02 4.64043914e-04 -6.01898205e-02 1.22533568e-01 1.10896408e-01 1.33916796e-01 5.72032386e-02 4.84734612e-02 6.85762555e-02
1.51700503e+00 1.79784664e-01 1.50345644e-01 2.10476382e-01 -2.97583145e-02 8.06058640e-04 -5.93246793e-02 1.21380298e-01 1.09816099e-01 1.32697535e-01 5.67861611e-02 4.81019708e-02 6.80930942e-02
1.52849749e+00 1.77888233e-01 1.48707606e-01 2.08322226e-01 -2.91715295e-02 1.13768358e-03 -5.84769362e-02 1.20243460e-01 1.08751665e-01 1.31495141e-01 5.63731418e-02 4.77343519e-02 6.76144316e-02
1.53998995e+00 1.76022281e-01 1.47096564e-01 2.06201943e-01 -2.85981481e-02 1.45923480e-03 -5.76461448e-02 1.19122739e-01 1.07702796e-01 1.30309301e-01 5.59641410e-02 4.73705612e-02 6.71402276e-02
1.55148241e+00 1.74186144e-01 1.45511919e-01 2.04114809e-01 -2.80378042e-02 1.77101760e-03 -5.68318724e-02 1.18017827e-01 1.06669184e-01 1.29139706e-01 5.55591192e-02 4.70105553e-02 6.66704422e-02
1.56297487e+00 1.72379180e-01 1.43953091e-01 2.02060117e-01 -2.74901433e-02 2.07332700e-03 -5.60336998e-02 1.16928425e-01 1.05650533e-01 1.27986055e-01 5.51580368e-02 4.66542912e-02 6.62050351e-02
1.57446734e+00 1.70600762e-01 1.42419514e-01 2.00037183e-01 -2.69548223e-02 2.36644809e-03 -5.52512208e-02 1.15854238e-01 1.04646551e-01 1.26848054e-01 5.47608543e-02 4.63017264e-02 6.57439659e-02
1.58595980e+00 1.68850282e-01 1.40910641e-01 1.98045339e-01 -2.64315093e-02 2.65065639e-03 -5.44840415e-02 1.14794981e-01 1.03656956e-01 1.25725415e-01 5.43675324e-02 4.59528182e-02 6.52871942e-02
1.59745226e+00 1.67127146e-01 1.39425937e-01 1.96083936e-01 -2.59198824e-02 2.92621826e-03 -5.37317799e-02 1.13750375e-01 1.02681472e-01 1.24617860e-01 5.39780317e-02 4.56075248e-02 6.48346797e-02
1.60894472e+00 1.65430779e-01 1.37964883e-01 1.94152340e-01 -2.54196303e-02 3.19339122e-03 -5.29940658e-02 1.12720146e-01 1.01719827e-01 1.23525114e-01 5.35923131e-02 4.52658041e-02 6.43863819e-02
1.62043719e+00 1.63760619e-01 1.36526972e-01 1.92249936e-01 -2.49304512e-02 3.45242426e-03 -5.22705399e-02 1.11704029e-01 1.00771760e-01 1.22446910e-01 5.32103375e-02 4.49276149e-02 6.39422605e-02
1.63192965e+00 1.62116118e-01 1.35111713e-01 1.90376126e-01 -2.44520529e-02 3.70355820e-03 -5.15608540e-02 1.10701764e-01 9.98370125e-02 1.21382985e-01 5.28320661e-02 4.45929159e-02 6.35022753e-02
1.64342211e+00 1.60496746e-01 1.33718628e-01 1.88530323e-01 -2.39841520e-02 3.94702596e-03 -5.08646698e-02 1.09713096e-01 9.89153342e-02 1.20333086e-01 5.24574602e-02 4.42616664e-02 6.30663861e-02
1.65491457e+00 1.58901983e-01 1.32347249e-01 1.86711961e-01 -2.35264742e-02 4.18305286e-03 -5.01816595e-02 1.08737777e-01 9.80064801e-02 1.19296961e-01 5.20864813e-02 4.39338260e-02 6.26345528e-02
1.66640704e+00 1.57331326e-01 1.30997123e-01 1.84920485e-01 -2.30787533e-02 4.41185692e-03 -4.95115046e-02 1.07775565e-01 9.71102110e-02 1.18274368e-01 5.17190912e-02 4.36093547e-02 6.22067354e-02
1.67789950e+00 1.55784282e-01 1.29667809e-01 1.83155354e-01 -2.26407315e-02 4.63364909e-03 -4.88538961e-02 1.06826222e-01 9.62262933e-02 1.17265067e-01 5.13552519e-02 4.32882127e-02 6.17828942e-02
1.68939196e+00 1.54260372e-01 1.28358875e-01 1.81416042e-01 -2.22121587e-02 4.84863354e-03 -4.82085339e-02 1.05889519e-01 9.53544990e-02 1.16268826e-01 5.09949254e-02 4.29703607e-02 6.13629896e-02
1.70088442e+00 1.52759130e-01 1.27069903e-01 1.79702038e-01 -2.17927923e-02 5.05700787e-03 -4.75751269e-02 1.04965227e-01 9.44946052e-02 1.15285416e-01 5.06380743e-02 4.26557599e-02 6.09469821e-02
1.71237688e+00 1.51280101e-01 1.25800484e-01 1.78012840e-01 -2.13823973e-02 5.25896339e-03 -4.69533920e-02 1.04053127e-01 9.36463942e-02 1.14314615e-01 5.02846612e-02 4.23443716e-02 6.05348324e-02
1.72386935e+00 1.49822841e-01 1.24550221e-01 1.76347961e-01 -2.09807455e-02 5.45468531e-03 -4.63430545e-02 1.03153002e-01 9.28096533e-02 1.13356204e-01 4.99346491e-02 4.20361578e-02 6.01265014e-02
1.73536181e+00 1.48386919e-01 1.23318726e-01 1.74706927e-01 -2.05876155e-02 5.64435298e-03 -4.57438474e-02 1.02264640e-01 9.19841748e-02 1.12409970e-01 4.95880012e-02 4.17310807e-02 5.97219505e-02
1.74685427e+00 1.46971912e-01 1.22105621e-01 1.73089272e-01 -2.02027927e-02 5.82814009e-03 -4.51555115e-02 1.01387836e-01 9.11697556e-02 1.11475704e-01 4.92446811e-02 4.14291029e-02 5.93211408e-02
1.75834673e+00 1.45577411e-01 1.20910537e-01 1.71494547e-01 -1.98260687e-02 6.00621487e-03 -4.45777946e-02 1.00522386e-01 9.03661972e-02 1.10553202e-01 4.89046525e-02 4.11301874e-02 5.89240342e-02
1.76983920e+00 1.44203014e-01 1.19733116e-01 1.69922308e-01 -1.94572411e-02 6.17874027e-03 -4.40104518e-02 9.96680939e-02 8.95733055e-02 1.09642265e-01 4.85678795e-02 4.08342978e-02 5.85305924e-02
1.78133166e+00 1.42848331e-01 1.18573008e-01 1.68372127e-01 -1.90961137e-02 6.34587418e-03 -4.34532451e-02 9.88247659e-02 8.87908911e-02 1.08742697e-01 4.82343266e-02 4.05413978e-02 5.81407776e-02
1.79282412e+00 1.41512980e-01 1.17429871e-01 1.66843584e-01 -1.87424959e-02 6.50776957e-03 -4.29059430e-02 9.79922131e-02 8.80187683e-02 1.07854307e-01 4.79039584e-02 4.02514517e-02 5.77545523e-02
1.80431658e+00 1.40196590e-01 1.16303373e-01 1.65336268e-01 -1.83962026e-02 6.66457468e-03 -4.23683206e-02 9.71702505e-02 8.72567560e-02 1.06976908e-01 4.75767400e-02 3.99644240e-02 5.73718791e-02
1.81580905e+00 1.38898798e-01 1.15193188e-01 1.63849780e-01 -1.80570541e-02 6.81643318e-03 -4.18401588e-02 9.63586971e-02 8.65046768e-02 1.06110316e-01 4.72526367e-02 3.96802800e-02 5.69927210e-02
1.82730151e+00 1.37619249e-01 1.14099000e-01 1.62383729e-01 -1.77248757e-02 6.96348434e-03 -4.13212450e-02 9.55573760e-02 8.57623575e-02 1.05254352e-01 4.69316141e-02 3.93989849e-02 5.66170412e-02
1.83879397e+00 1.36357597e-01 1.13020500e-01 1.60937736e-01 -1.73994981e-02 7.10586314e-03 -4.08113721e-02 9.47661139e-02 8.50296283e-02 1.04408840e-01 4.66136382e-02 3.91205047e-02 5.62448033e-02
1.85028643e+00 1.35113507e-01 1.11957387e-01 1.59511427e-01 -1.70807564e-02 7.24370048e-03 -4.03103388e-02 9.39847412e-02 8.43063234e-02 1.03573609e-01 4.62986754e-02 3.88448055e-02 5.58759712e-02
1.86177889e+00 1.33886647e-01 1.10909366e-01 1.58104439e-01 -1.67684906e-02 7.37712325e-03 -3.98179490e-02 9.32130920e-02 8.35922806e-02 1.02748490e-01 4.59866921e-02 3.85718540e-02 5.55105090e-02
1.87327136e+00 1.32676698e-01 1.09876151e-01 1.56716417e-01 -1.64625452e-02 7.50625454e-03 -3.93340122e-02 9.24510038e-02 8.28873411e-02 1.01933318e-01 4.56776554e-02 3.83016173e-02 5.51483811e-02
1.88476382e+00 1.31483344e-01 1.08857460e-01 1.55347016e-01 -1.61627690e-02 7.63121369e-03 -3.88583426e-02 9.16983176e-02 8.21913495e-02 1.01127932e-01 4.53715326e-02 3.80340628e-02 5.47895524e-02
1.89625628e+00 1.30306278e-01 1.07853020e-01 1.53995896e-01 -1.58690152e-02 7.75211648e-03 -3.83907599e-02 9.09548778e-02 8.15041539e-02 1.00332174e-01 4.50682912e-02 3.77691582e-02 5.44339879e-02
1.90774874e+00 1.29145203e-01 1.06862564e-01 1.52662727e-01 -1.55811408e-02 7.86907521e-03 -3.79310879e-02 9.02205318e-02 8.08256053e-02 9.95458884e-02 4.47678991e-02 3.75068718e-02 5.40816529e-02
1.91924121e+00 1.27999824e-01 1.05885831e-01 1.51347186e-01 -1.52990071e-02 7.98219885e-03 -3.74791557e-02 8.94951305e-02 8.01555582e-02 9.87689236e-02 4.44703248e-02 3.72471722e-02 5.37325134e-02
1.93073367e+00 1.26869857e-01 1.04922567e-01 1.50048956e-01 -1.50224790e-02 8.09159310e-03 -3.70347965e-02 8.87785275e-02 7.94938701e-02 9.80011309e-02 4.41755367e-02 3.69900284e-02 5.33865351e-02
1.94222613e+00 1.25755021e-01 1.03972521e-01 1.48767730e-01 -1.47514253e-02 8.19736057e-03 -3.65978480e-02 8.80705797e-02 7.88404015e-02 9.72423647e-02 4.38835037e-02 3.67354097e-02 5.30436846e-02
1.95371859e+00 1.24655044e-01 1.03035453e-01 1.47503206e-01 -1.44857181e-02 8.29960080e-03 -3.61681520e-02 8.73711468e-02 7.81950156e-02 9.64924821e-02 4.35941952e-02 3.64832860e-02 5.27039285e-02
1.96521106e+00 1.23569660e-01 1.02111123e-01 1.46255088e-01 -1.42252334e-02 8.39841043e-03 -3.57455546e-02 8.66800915e-02 7.75575787e-02 9.57513432e-02 4.33075808e-02 3.62336272e-02 5.23672338e-02
1.97670352e+00 1.22498608e-01 1.01199300e-01 1.45023089e-01 -1.39698502e-02 8.49388326e-03 -3.53299056e-02 8.59972791e-02 7.69279598e-02 9.50188109e-02 4.30236303e-02 3.59864040e-02 5.20335678e-02
1.98819598e+00 1.21441632e-01 1.00299757e-01 1.43806927e-01 -1.37194511e-02 8.58611034e-03 -3.49210590e-02 8.53225777e-02 7.63060307e-02 9.42947506e-02 4.27423140e-02 3.57415871e-02 5.17028982e-02
1.99968844e+00 1.20398484e-01 9.94122731e-02 1.42606325e-01 -1.34739215e-02 8.67518008e-03 -3.45188722e-02 8.46558581e-02 7.56916657e-02 9.35790306e-02 4.24636025e-02 3.54991479e-02 5.13751929e-02
2.01118090e+00 1.19368921e-01 9.85366310e-02 1.41421016e-01 -1.32331501e-02 8.76117832e-03 -3.41232065e-02 8.39969937e-02 7.50847417e-02 9.28715216e-02 4.21874667e-02 3.52590579e-02 5.10504204e-02
2.02267337e+00 1.18352704e-01 9.76726194e-02 1.40250734e-01 -1.29970287e-02 8.84418842e-03 -3.37339264e-02 8.33458604e-02 7.44851382e-02 9.21720971e-02 4.19138779e-02 3.50212891e-02 5.07285491e-02
2.03416583e+00 1.17349601e-01 9.68200313e-02 1.39095223e-01 -1.27654516e-02 8.92429132e-03 -3.33509001e-02 8.27023364e-02 7.38927370e-02 9.14806327e-02 4.16428075e-02 3.47858138e-02 5.04095480e-02
2.04565829e+00 1.16359383e-01 9.59786645e-02 1.37954229e-01 -1.25383163e-02 9.00156566e-03 -3.29739990e-02 8.20663026e-02 7.33074225e-02 9.07970066e-02 4.13742275e-02 3.45526047e-02 5.00933865e-02
2.05715075e+00 1.15381828e-01 9.51483210e-02 1.36827507e-01 -1.23155227e-02 9.07608782e-03 -3.26030978e-02 8.14376421e-02 7.27290813e-02 9.01210995e-02 4.11081101e-02 3.43216348e-02 4.97800341e-02
2.06864322e+00 1.14416718e-01 9.43288076e-02 1.35714814e-01 -1.20969735e-02 9.14793197e-03 -3.22380740e-02 8.08162402e-02 7.21576022e-02 8.94527941e-02 4.08444278e-02 3.40928775e-02 4.94694607e-02
2.08013568e+00 1.13463840e-01 9.35199350e-02 1.34615914e-01 -1.18825740e-02 9.21717021e-03 -3.18788085e-02 8.02019847e-02 7.15928764e-02 8.87919756e-02 4.05831534e-02 3.38663066e-02 4.91616366e-02
2.09162814e+00 1.12522985e-01 9.27215182e-02 1.33530576e-01 -1.16722317e-02 9.28387257e-03 -3.15251850e-02 7.95947653e-02 7.10347971e-02 8.81385311e-02 4.03242601e-02 3.36418961e-02 4.88565323e-02
2.10312060e+00 1.11593950e-01 9.19333762e-02 1.32458573e-01 -1.14658567e-02 9.34810710e-03 -3.11770900e-02 7.89944740e-02 7.04832597e-02 8.74923501e-02 4.00677213e-02 3.34196203e-02 4.85541188e-02
2.11461307e+00 1.10676534e-01 9.11553320e-02 1.31399685e-01 -1.12633616e-02 9.40993994e-03 -3.08344129e-02 7.84010048e-02 6.99381618e-02 8.68533241e-02 3.98135108e-02 3.31994540e-02 4.82543672e-02
2.12610553e+00 1.09770542e-01 9.03872123e-02 1.30353693e-01 -1.10646608e-02 9.46943535e-03 -3.04970456e-02 7.78142540e-02 6.93994027e-02 8.62213467e-02 3.95616027e-02 3.29813723e-02 4.79572490e-02
2.13759799e+00 1.08875783e-01 8.96288477e-02 1.29320386e-01 -1.08696712e-02 9.52665582e-03 -3.01648828e-02 7.72341194e-02 6.88668839e-02 8.55963134e-02 3.93119714e-02 3.27653506e-02 4.76627360e-02
2.14909045e+00 1.07992069e-01 8.88800723e-02 1.28299556e-01 -1.06783119e-02 9.58166207e-03 -2.98378217e-02 7.66605012e-02 6.83405088e-02 8.49781216e-02 3.90645915e-02 3.25513646e-02 4.73708004e-02
2.16058291e+00 1.07119218e-01 8.81407237e-02 1.27290999e-01 -1.04905038e-02 9.63451313e-03 -2.95157618e-02 7.60933013e-02 6.78201825e-02 8.43666709e-02 3.88194381e-02 3.23393902e-02 4.70814146e-02
2.17207538e+00 1.06257048e-01 8.74106431e-02 1.26294515e-01 -1.03061700e-02 9.68526639e-03 -2.91986052e-02 7.55324234e-02 6.73058123e-02 8.37618623e-02 3.85764864e-02 3.21294039e-02 4.67945514e-02
2.18356784e+00 1.05405386e-01 8.66896749e-02 1.25309909e-01 -1.01252355e-02 9.73397766e-03 -2.88862563e-02 7.49777732e-02 6.67973069e-02 8.31635991e-02 3.83357120e-02 3.19213823e-02 4.65101838e-02
2.19506030e+00 1.04564058e-01 8.59776669e-02 1.24336990e-01 -9.94762707e-03 9.78070120e-03 -2.85786218e-02 7.44292579e-02 6.62945770e-02 8.25717862e-02 3.80970907e-02 3.17153023e-02 4.62282852e-02
2.20655276e+00 1.03732895e-01 8.52744700e-02 1.23375570e-01 -9.77327347e-03 9.82548977e-03 -2.82756104e-02 7.38867867e-02 6.57975348e-02 8.19863300e-02 3.78605988e-02 3.15111412e-02 4.59488292e-02
2.21804523e+00 1.02911734e-01 8.45799383e-02 1.22425466e-01 -9.60210517e-03 9.86839469e-03 -2.79771331e-02 7.33502704e-02 6.53060944e-02 8.14071389e-02 3.76262127e-02 3.13088766e-02 4.56717898e-02
2.22953769e+00 1.02100412e-01 8.38939289e-02 1.21486498e-01 -9.43405437e-03 9.90946587e-03 -2.76831029e-02 7.28196214e-02 6.48201714e-02 8.08341230e-02 3.73939091e-02 3.11084863e-02 4.53971412e-02
2.24103015e+00 1.01298770e-01 8.32163017e-02 1.20558489e-01 -9.26905497e-03 9.94875185e-03 -2.73934351e-02 7.22947538e-02 6.43396829e-02 8.02671938e-02 3.71636649e-02 3.09099485e-02 4.51248580e-02
2.25252261e+00 1.00506653e-01 8.25469197e-02 1.19641266e-01 -9.10704248e-03 9.98629987e-03 -2.71080466e-02 7.17755832e-02 6.38645478e-02 7.97062645e-02 3.69354576e-02 3.07132415e-02 4.48549150e-02
2.26401508e+00 9.97239102e-02 8.18856487e-02 1.18734661e-01 -8.94795401e-03 1.00221559e-02 -2.68268564e-02 7.12620267e-02 6.33946863e-02 7.91512499e-02 3.67092647e-02 3.05183442e-02 4.45872873e-02
2.27550754e+00 9.89503910e-02 8.12323570e-02 1.17838507e-01 -8.79172821e-03 1.00563645e-02 -2.65497853e-02 7.07540031e-02 6.29300202e-02 7.86020662e-02 3.64850640e-02 3.03252355e-02 4.43219504e-02
2.28700000e+00 9.81859498e-02 8.05869159e-02 1.16952641e-01 -8.63830522e-03 1.00889693e-02 -2.62767560e-02 7.02514326e-02 6.24704727e-02 7.80586313e-02 3.62628335e-02 3.01338948e-02 4.40588799e-02
