               0                1
            0.01         1.005639
            0.02        1.0090691
            0.03        1.0113901
            0.04        1.0130084
            0.05        1.0141232
            0.06        1.0148991
            0.07        1.0153874
            0.08        1.0156298
            0.09        1.0156663
             0.1         1.015537
            0.11        1.0152771
            0.12        1.0149026
            0.13        1.0144248
            0.14         1.013855
            0.15        1.0132043
            0.16        1.0124821
            0.17        1.0116942
            0.18        1.0108462
            0.19         1.009944
             0.2         1.008993
            0.21        1.0079991
            0.22        1.0069677
            0.23        1.0059031
            0.24        1.0048078
            0.25        1.0036842
            0.26        1.0025348
            0.27         1.001362
            0.28        1.0001683
            0.29        0.9989561
             0.3       0.99772791
            0.31       0.99648615
            0.32       0.99523324
            0.33       0.99397083
            0.34       0.99269947
            0.35       0.99141962
            0.36       0.99013177
            0.37       0.98883637
            0.38        0.9875339
            0.39       0.98622483
             0.4       0.98490964
            0.41       0.98358878
            0.42       0.98226273
            0.43       0.98093196
            0.44       0.97959694
            0.45       0.97825815
            0.46       0.97691604
            0.47       0.97557109
            0.48       0.97422364
            0.49       0.97287394
             0.5       0.97152222
            0.51       0.97016874
            0.52       0.96881374
            0.53       0.96745747
            0.54       0.96610016
            0.55       0.96474207
            0.56       0.96338343
            0.57       0.96202451
            0.58       0.96066552
            0.59       0.95930674
             0.6       0.95794839
            0.61       0.95659072
            0.62       0.95523398
            0.63       0.95387841
            0.64       0.95252426
            0.65       0.95117177
            0.66       0.94982119
            0.67       0.94847276
            0.68       0.94712672
            0.69       0.94578331
             0.7       0.94444268
            0.71       0.94310494
            0.72        0.9417702
            0.73       0.94043859
            0.74       0.93911023
            0.75       0.93778523
            0.76        0.9364637
            0.77       0.93514577
            0.78       0.93383155
            0.79       0.93252116
             0.8       0.93121471
            0.81       0.92991233
            0.82       0.92861413
            0.83       0.92732023
            0.84       0.92603074
            0.85       0.92474579
            0.86       0.92346548
            0.87       0.92218994
            0.88       0.92091929
            0.89       0.91965363
             0.9       0.91839309
            0.91       0.91713779
            0.92       0.91588784
            0.93       0.91464336
            0.94       0.91340447
            0.95       0.91217128
            0.96       0.91094392
            0.97       0.90972249
            0.98       0.90850711
            0.99       0.90729791
               1         0.906095
            1.01       0.90489846
            1.02       0.90370824
            1.03       0.90252425
            1.04        0.9013464
            1.05       0.90017461
            1.06       0.89900878
            1.07       0.89784882
            1.08       0.89669465
            1.09       0.89554618
             1.1       0.89440332
            1.11       0.89326599
            1.12       0.89213408
            1.13       0.89100752
            1.14       0.88988622
            1.15       0.88877009
            1.16       0.88765903
            1.17       0.88655297
            1.18        0.8854518
            1.19       0.88435546
             1.2       0.88326383
            1.21       0.88217684
            1.22       0.88109441
            1.23       0.88001643
            1.24       0.87894282
            1.25       0.87787349
            1.26       0.87680836
            1.27       0.87574733
            1.28       0.87469032
            1.29       0.87363724
             1.3         0.872588
            1.31       0.87154251
            1.32       0.87050069
            1.33       0.86946243
            1.34       0.86842767
            1.35        0.8673963
            1.36       0.86636824
            1.37        0.8653434
            1.38       0.86432169
            1.39       0.86330303
             1.4       0.86228732
            1.41       0.86127447
            1.42       0.86026441
            1.43       0.85925703
            1.44       0.85825225
            1.45       0.85724999
            1.46       0.85625015
            1.47       0.85525265
            1.48       0.85425741
            1.49       0.85326445
             1.5       0.85227375
            1.51       0.85128531
            1.52       0.85029914
            1.53       0.84931524
            1.54       0.84833359
            1.55       0.84735422
            1.56        0.8463771
            1.57       0.84540226
            1.58       0.84442967
            1.59       0.84345935
             1.6       0.84249129
            1.61       0.84152549
            1.62       0.84056196
            1.63       0.83960069
            1.64       0.83864168
            1.65       0.83768493
            1.66       0.83673044
            1.67       0.83577822
            1.68       0.83482825
            1.69       0.83388055
             1.7        0.8329351
            1.71       0.83199192
            1.72         0.831051
            1.73       0.83011233
            1.74       0.82917593
            1.75       0.82824178
            1.76        0.8273099
            1.77       0.82638027
            1.78        0.8254529
            1.79       0.82452779
             1.8       0.82360494
            1.81       0.82268434
            1.82         0.821766
            1.83       0.82084992
            1.84        0.8199361
            1.85       0.81902453
            1.86       0.81811522
            1.87       0.81720817
            1.88       0.81630337
            1.89       0.81540082
             1.9       0.81450054
            1.91        0.8136025
            1.92       0.81270673
            1.93        0.8118132
            1.94       0.81092193
            1.95       0.81003292
            1.96       0.80914616
            1.97       0.80826165
            1.98        0.8073794
            1.99       0.80649939
               2       0.80562165
            2.01       0.80474615
            2.02       0.80387291
            2.03       0.80300192
            2.04       0.80213318
            2.05       0.80126669
            2.06       0.80040245
            2.07       0.79954047
            2.08       0.79868073
            2.09       0.79782325
             2.1       0.79696801
            2.11       0.79611503
            2.12       0.79526429
            2.13       0.79441581
            2.14       0.79356957
            2.15       0.79272559
            2.16       0.79188385
            2.17       0.79104436
            2.18        0.7902071
            2.19       0.78937208
             2.2       0.78853929
            2.21       0.78770871
            2.22       0.78688035
            2.23       0.78605419
            2.24       0.78523023
            2.25       0.78440847
            2.26        0.7835889
            2.27       0.78277151
            2.28       0.78195629
            2.29       0.78114324
             2.3       0.78033235
            2.31       0.77952362
            2.32       0.77871704
            2.33        0.7779126
            2.34        0.7771103
            2.35       0.77631013
            2.36       0.77551208
            2.37       0.77471615
            2.38       0.77392234
            2.39       0.77313062
             2.4       0.77234101
            2.41       0.77155348
            2.42       0.77076805
            2.43       0.76998469
            2.44       0.76920341
            2.45       0.76842419
            2.46       0.76764703
            2.47       0.76687193
            2.48       0.76609887
            2.49       0.76532785
             2.5       0.76455887
            2.51       0.76379192
            2.52       0.76302699
            2.53       0.76226408
            2.54       0.76150317
            2.55       0.76074427
            2.56       0.75998736
            2.57       0.75923245
            2.58       0.75847952
            2.59       0.75772856
             2.6       0.75697958
            2.61       0.75623256
            2.62        0.7554875
            2.63       0.75474439
            2.64       0.75400323
            2.65         0.753264
            2.66       0.75252671
            2.67       0.75179135
            2.68        0.7510579
            2.69       0.75032637
             2.7       0.74959675
            2.71       0.74886902
            2.72       0.74814319
            2.73       0.74741925
            2.74        0.7466972
            2.75       0.74597701
            2.76        0.7452587
            2.77       0.74454225
            2.78       0.74382765
            2.79       0.74311491
             2.8       0.74240401
            2.81       0.74169494
            2.82       0.74098771
            2.83        0.7402823
            2.84       0.73957871
            2.85       0.73887693
            2.86       0.73817695
            2.87       0.73747878
            2.88       0.73678239
            2.89        0.7360878
             2.9       0.73539498
            2.91       0.73470394
            2.92       0.73401466
            2.93       0.73332714
            2.94       0.73264138
            2.95       0.73195737
            2.96        0.7312751
            2.97       0.73059456
            2.98       0.72991575
            2.99       0.72923867
               3        0.7285633
            3.01       0.72788964
            3.02       0.72721768
            3.03       0.72654742
            3.04       0.72587885
            3.05       0.72521197
            3.06       0.72454676
            3.07       0.72388322
            3.08       0.72322135
            3.09       0.72256114
             3.1       0.72190258
            3.11       0.72124567
            3.12       0.72059039
            3.13       0.71993675
            3.14       0.71928474
            3.15       0.71863435
            3.16       0.71798557
            3.17        0.7173384
            3.18       0.71669283
            3.19       0.71604885
             3.2       0.71540647
            3.21       0.71476567
            3.22       0.71412645
            3.23       0.71348881
            3.24       0.71285273
            3.25       0.71221821
            3.26       0.71158525
            3.27       0.71095384
            3.28       0.71032398
            3.29       0.70969566
             3.3       0.70906886
            3.31        0.7084436
            3.32       0.70781986
            3.33       0.70719764
            3.34       0.70657693
            3.35       0.70595772
            3.36       0.70534001
            3.37        0.7047238
            3.38       0.70410907
            3.39       0.70349583
             3.4       0.70288406
            3.41       0.70227377
            3.42       0.70166494
            3.43       0.70105757
            3.44       0.70045165
            3.45       0.69984719
            3.46       0.69924416
            3.47       0.69864258
            3.48       0.69804242
            3.49       0.69744369
             3.5       0.69684638
            3.51       0.69625049
            3.52         0.695656
            3.53       0.69506292
            3.54       0.69447123
            3.55       0.69388094
            3.56       0.69329203
            3.57        0.6927045
            3.58       0.69211835
            3.59       0.69153356
             3.6       0.69095014
            3.61       0.69036808
            3.62       0.68978737
            3.63         0.689208
            3.64       0.68862998
            3.65       0.68805329
            3.66       0.68747793
            3.67       0.68690389
            3.68       0.68633117
            3.69       0.68575976
             3.7       0.68518966
            3.71       0.68462086
            3.72       0.68405336
            3.73       0.68348714
            3.74       0.68292221
            3.75       0.68235856
            3.76       0.68179618
            3.77       0.68123506
            3.78       0.68067521
            3.79       0.68011661
             3.8       0.67955926
            3.81       0.67900316
            3.82       0.67844829
            3.83       0.67789466
            3.84       0.67734225
            3.85       0.67679107
            3.86        0.6762411
            3.87       0.67569234
            3.88       0.67514478
            3.89       0.67459843
             3.9       0.67405326
            3.91       0.67350929
            3.92       0.67296649
            3.93       0.67242487
            3.94       0.67188442
            3.95       0.67134514
            3.96       0.67080701
            3.97       0.67027004
            3.98       0.66973421
            3.99       0.66919953
               4       0.66866598
            4.01       0.66813357
            4.02       0.66760227
            4.03        0.6670721
            4.04       0.66654304
            4.05       0.66601509
            4.06       0.66548824
            4.07       0.66496248
            4.08       0.66443782
            4.09       0.66391424
             4.1       0.66339174
            4.11       0.66287032
            4.12       0.66234996
            4.13       0.66183066
            4.14       0.66131242
            4.15       0.66079524
            4.16       0.66027909
            4.17       0.65976399
            4.18       0.65924992
            4.19       0.65873688
             4.2       0.65822486
            4.21       0.65771386
            4.22       0.65720387
            4.23       0.65669488
            4.24       0.65618689
            4.25        0.6556799
            4.26        0.6551739
            4.27       0.65466888
            4.28       0.65416483
            4.29       0.65366176
             4.3       0.65315966
            4.31       0.65265851
            4.32       0.65215832
            4.33       0.65165907
            4.34       0.65116077
            4.35       0.65066341
            4.36       0.65016698
            4.37       0.64967147
            4.38       0.64917688
            4.39       0.64868321
             4.4       0.64819045
            4.41       0.64769859
            4.42       0.64720763
            4.43       0.64671756
            4.44       0.64622837
            4.45       0.64574007
            4.46       0.64525264
            4.47       0.64476608
            4.48       0.64428039
            4.49       0.64379555
             4.5       0.64331156
            4.51       0.64282842
            4.52       0.64234612
            4.53       0.64186466
            4.54       0.64138402
            4.55       0.64090421
            4.56       0.64042522
            4.57       0.63994704
            4.58       0.63946966
            4.59       0.63899309
             4.6       0.63851731
            4.61       0.63804232
            4.62       0.63756811
            4.63       0.63709469
            4.64       0.63662203
            4.65       0.63615015
            4.66       0.63567903
            4.67       0.63520867
            4.68       0.63473907
            4.69       0.63427024
             4.7       0.63380217
            4.71       0.63333485
            4.72        0.6328683
            4.73        0.6324025
            4.74       0.63193746
            4.75       0.63147317
            4.76       0.63100964
            4.77       0.63054686
            4.78       0.63008483
            4.79       0.62962355
             4.8       0.62916303
            4.81       0.62870325
            4.82       0.62824422
            4.83       0.62778593
            4.84       0.62732839
            4.85       0.62687159
            4.86       0.62641554
            4.87       0.62596023
            4.88       0.62550566
            4.89       0.62505183
             4.9       0.62459873
            4.91       0.62414638
            4.92       0.62369476
            4.93       0.62324388
            4.94       0.62279373
            4.95       0.62234431
            4.96       0.62189562
            4.97       0.62144767
            4.98       0.62100045
            4.99       0.62055395
               5       0.62010818
            5.01       0.61966314
            5.02       0.61921882
            5.03       0.61877523
            5.04       0.61833236
            5.05       0.61789021
            5.06       0.61744879
            5.07       0.61700808
            5.08       0.61656809
            5.09       0.61612882
             5.1       0.61569027
            5.11       0.61525243
            5.12        0.6148153
            5.13       0.61437889
            5.14       0.61394319
            5.15        0.6135082
            5.16       0.61307392
            5.17       0.61264035
            5.18       0.61220749
            5.19       0.61177533
             5.2       0.61134388
            5.21       0.61091314
            5.22       0.61048309
            5.23       0.61005375
            5.24       0.60962511
            5.25       0.60919717
            5.26       0.60876993
            5.27       0.60834339
            5.28       0.60791754
            5.29       0.60749239
             5.3       0.60706793
            5.31       0.60664417
            5.32       0.60622109
            5.33       0.60579871
            5.34       0.60537702
            5.35       0.60495602
            5.36        0.6045357
            5.37       0.60411608
            5.38       0.60369713
            5.39       0.60327888
             5.4        0.6028613
            5.41       0.60244441
            5.42        0.6020282
            5.43       0.60161267
            5.44       0.60119781
            5.45       0.60078364
            5.46       0.60037014
            5.47       0.59995732
            5.48       0.59954517
            5.49       0.59913369
             5.5       0.59872289
            5.51       0.59831276
            5.52        0.5979033
            5.53       0.59749451
            5.54       0.59708638
            5.55       0.59667892
            5.56       0.59627213
            5.57       0.59586601
            5.58       0.59546054
            5.59       0.59505574
             5.6        0.5946516
            5.61       0.59424812
            5.62        0.5938453
            5.63       0.59344313
            5.64       0.59304163
            5.65       0.59264078
            5.66       0.59224058
            5.67       0.59184104
            5.68       0.59144215
            5.69       0.59104391
             5.7       0.59064632
            5.71       0.59024938
            5.72       0.58985309
            5.73       0.58945744
            5.74       0.58906244
            5.75       0.58866809
            5.76       0.58827438
            5.77       0.58788131
            5.78       0.58748888
            5.79       0.58709709
             5.8       0.58670595
            5.81       0.58631544
            5.82       0.58592556
            5.83       0.58553633
            5.84       0.58514772
            5.85       0.58475975
            5.86       0.58437242
            5.87       0.58398571
            5.88       0.58359964
            5.89       0.58321419
             5.9       0.58282938
            5.91       0.58244519
            5.92       0.58206162
            5.93       0.58167868
            5.94       0.58129637
            5.95       0.58091467
            5.96        0.5805336
            5.97       0.58015315
            5.98       0.57977332
            5.99        0.5793941
               6       0.57901551
            6.01       0.57863753
            6.02       0.57826016
            6.03       0.57788341
            6.04       0.57750727
            6.05       0.57713174
            6.06       0.57675682
            6.07       0.57638251
            6.08       0.57600881
            6.09       0.57563572
             6.1       0.57526323
            6.11       0.57489135
            6.12       0.57452007
            6.13        0.5741494
            6.14       0.57377932
            6.15       0.57340985
            6.16       0.57304098
            6.17        0.5726727
            6.18       0.57230502
            6.19       0.57193794
             6.2       0.57157145
            6.21       0.57120556
            6.22       0.57084026
            6.23       0.57047555
            6.24       0.57011143
            6.25        0.5697479
            6.26       0.56938496
            6.27        0.5690226
            6.28       0.56866084
            6.29       0.56829965
             6.3       0.56793906
            6.31       0.56757904
            6.32       0.56721961
            6.33       0.56686075
            6.34       0.56650248
            6.35       0.56614478
            6.36       0.56578767
            6.37       0.56543112
            6.38       0.56507516
            6.39       0.56471976
             6.4       0.56436494
            6.41        0.5640107
            6.42       0.56365702
            6.43       0.56330391
            6.44       0.56295137
            6.45        0.5625994
            6.46       0.56224799
            6.47       0.56189715
            6.48       0.56154688
            6.49       0.56119716
             6.5       0.56084801
            6.51       0.56049942
            6.52       0.56015139
            6.53       0.55980392
            6.54         0.559457
            6.55       0.55911064
            6.56       0.55876484
            6.57       0.55841959
            6.58       0.55807489
            6.59       0.55773075
             6.6       0.55738715
            6.61       0.55704411
            6.62       0.55670161
            6.63       0.55635966
            6.64       0.55601826
            6.65       0.55567741
            6.66       0.55533709
            6.67       0.55499732
            6.68        0.5546581
            6.69       0.55431941
             6.7       0.55398126
            6.71       0.55364366
            6.72       0.55330659
            6.73       0.55297005
            6.74       0.55263405
            6.75       0.55229859
            6.76       0.55196366
            6.77       0.55162926
            6.78       0.55129539
            6.79       0.55096205
             6.8       0.55062924
            6.81       0.55029696
            6.82        0.5499652
            6.83       0.54963397
            6.84       0.54930327
            6.85       0.54897308
            6.86       0.54864342
            6.87       0.54831427
            6.88       0.54798564
            6.89       0.54765752
             6.9       0.54732992
            6.91       0.54700283
            6.92       0.54667625
            6.93       0.54635018
            6.94       0.54602462
            6.95       0.54569956
            6.96         0.545375
            6.97       0.54505095
            6.98       0.54472739
            6.99       0.54440434
               7       0.54408178
            7.01       0.54375971
            7.02       0.54343814
            7.03       0.54311706
            7.04       0.54279648
            7.05       0.54247638
            7.06       0.54215676
            7.07       0.54183763
            7.08       0.54151899
            7.09       0.54120083
             7.1       0.54088315
            7.11       0.54056594
            7.12       0.54024922
            7.13       0.53993296
            7.14       0.53961719
            7.15       0.53930188
            7.16       0.53898705
            7.17       0.53867268
            7.18       0.53835878
            7.19       0.53804534
             7.2       0.53773237
            7.21       0.53741986
            7.22       0.53710781
            7.23       0.53679622
            7.24       0.53648509
            7.25       0.53617441
            7.26       0.53586419
            7.27       0.53555442
            7.28        0.5352451
            7.29       0.53493622
             7.3        0.5346278
            7.31       0.53431982
            7.32       0.53401228
            7.33       0.53370518
            7.34       0.53339853
            7.35       0.53309231
            7.36       0.53278653
            7.37       0.53248119
            7.38       0.53217628
            7.39        0.5318718
             7.4       0.53156776
            7.41       0.53126414
            7.42       0.53096095
            7.43       0.53065818
            7.44       0.53035584
            7.45       0.53005392
            7.46       0.52975242
            7.47       0.52945134
            7.48       0.52915068
            7.49       0.52885043
             7.5        0.5285506
            7.51       0.52825118
            7.52       0.52795217
            7.53       0.52765356
            7.54       0.52735537
            7.55       0.52705758
            7.56       0.52676019
            7.57       0.52646321
            7.58       0.52616663
            7.59       0.52587044
             7.6       0.52557466
            7.61       0.52527927
            7.62       0.52498427
            7.63       0.52468967
            7.64       0.52439545
            7.65       0.52410163
            7.66       0.52380819
            7.67       0.52351514
            7.68       0.52322247
            7.69       0.52293018
             7.7       0.52263828
            7.71       0.52234675
            7.72        0.5220556
            7.73       0.52176483
            7.74       0.52147443
            7.75        0.5211844
            7.76       0.52089475
            7.77       0.52060546
            7.78       0.52031654
            7.79       0.52002799
             7.8        0.5197398
            7.81       0.51945197
            7.82       0.51916451
            7.83        0.5188774
            7.84       0.51859065
            7.85       0.51830425
            7.86       0.51801821
            7.87       0.51773253
            7.88       0.51744719
            7.89        0.5171622
             7.9       0.51687756
            7.91       0.51659327
            7.92       0.51630932
            7.93       0.51602571
            7.94       0.51574244
            7.95       0.51545952
            7.96       0.51517693
            7.97       0.51489467
            7.98       0.51461275
            7.99       0.51433116
               8       0.51404991
            8.01       0.51376898
            8.02       0.51348838
            8.03       0.51320811
            8.04       0.51292816
            8.05       0.51264853
            8.06       0.51236923
            8.07       0.51209024
            8.08       0.51181157
            8.09       0.51153322
             8.1       0.51125518
            8.11       0.51097745
            8.12       0.51070004
            8.13       0.51042293
            8.14       0.51014613
            8.15       0.50986964
            8.16       0.50959345
            8.17       0.50931757
            8.18       0.50904198
            8.19        0.5087667
             8.2       0.50849171
            8.21       0.50821702
            8.22       0.50794262
            8.23       0.50766852
            8.24       0.50739471
            8.25       0.50712118
            8.26       0.50684795
            8.27         0.506575
            8.28       0.50630233
            8.29       0.50602995
             8.3       0.50575785
            8.31       0.50548603
            8.32       0.50521448
            8.33       0.50494322
            8.34       0.50467222
            8.35        0.5044015
            8.36       0.50413105
            8.37       0.50386087
            8.38       0.50359096
            8.39       0.50332132
             8.4       0.50305193
            8.41       0.50278282
            8.42       0.50251396
            8.43       0.50224536
            8.44       0.50197702
            8.45       0.50170894
            8.46       0.50144111
            8.47       0.50117353
            8.48       0.50090621
            8.49       0.50063913
             8.5       0.50037231
            8.51       0.50010572
            8.52       0.49983939
            8.53       0.49957329
            8.54       0.49930744
            8.55       0.49904183
            8.56       0.49877646
            8.57       0.49851132
            8.58       0.49824641
            8.59       0.49798174
             8.6        0.4977173
            8.61       0.49745309
            8.62       0.49718911
            8.63       0.49692536
            8.64       0.49666183
            8.65       0.49639852
            8.66       0.49613543
            8.67       0.49587257
            8.68       0.49560992
            8.69       0.49534749
             8.7       0.49508527
            8.71       0.49482327
            8.72       0.49456147
            8.73       0.49429989
            8.74       0.49403852
            8.75       0.49377735
            8.76       0.49351638
            8.77       0.49325562
            8.78       0.49299507
            8.79       0.49273471
             8.8       0.49247455
            8.81       0.49221458
            8.82       0.49195481
            8.83       0.49169524
            8.84       0.49143585
            8.85       0.49117666
            8.86       0.49091765
            8.87       0.49065883
            8.88       0.49040019
            8.89       0.49014174
             8.9       0.48988347
            8.91       0.48962538
            8.92       0.48936747
            8.93       0.48910973
            8.94       0.48885217
            8.95       0.48859478
            8.96       0.48833757
            8.97       0.48808052
            8.98       0.48782364
            8.99       0.48756693
               9       0.48731039
            9.01         0.487054
            9.02       0.48679778
            9.03       0.48654172
            9.04       0.48628582
            9.05       0.48603007
            9.06       0.48577448
            9.07       0.48551904
            9.08       0.48526376
            9.09       0.48500862
             9.1       0.48475363
            9.11       0.48449879
            9.12        0.4842441
            9.13       0.48398955
            9.14       0.48373513
            9.15       0.48348086
            9.16       0.48322673
            9.17       0.48297274
            9.18       0.48271888
            9.19       0.48246515
             9.2       0.48221155
            9.21       0.48195809
            9.22       0.48170475
            9.23       0.48145154
            9.24       0.48119846
            9.25        0.4809455
            9.26       0.48069266
            9.27       0.48043994
            9.28       0.48018734
            9.29       0.47993485
             9.3       0.47968249
            9.31       0.47943023
            9.32       0.47917809
            9.33       0.47892606
            9.34       0.47867413
            9.35       0.47842231
            9.36        0.4781706
            9.37       0.47791899
            9.38       0.47766749
            9.39       0.47741608
             9.4       0.47716477
            9.41       0.47691356
            9.42       0.47666245
            9.43       0.47641142
            9.44       0.47616049
            9.45       0.47590965
            9.46        0.4756589
            9.47       0.47540824
            9.48       0.47515766
            9.49       0.47490717
             9.5       0.47465675
            9.51       0.47440642
            9.52       0.47415617
            9.53       0.47390599
            9.54       0.47365589
            9.55       0.47340586
            9.56        0.4731559
            9.57       0.47290602
            9.58        0.4726562
            9.59       0.47240645
             9.6       0.47215677
            9.61       0.47190715
            9.62       0.47165759
            9.63       0.47140809
            9.64       0.47115865
            9.65       0.47090927
            9.66       0.47065994
            9.67       0.47041067
            9.68       0.47016145
            9.69       0.46991228
             9.7       0.46966316
            9.71       0.46941409
            9.72       0.46916506
            9.73       0.46891607
            9.74       0.46866713
            9.75       0.46841823
            9.76       0.46816937
            9.77       0.46792054
            9.78       0.46767175
            9.79       0.46742299
             9.8       0.46717427
            9.81       0.46692558
            9.82       0.46667691
            9.83       0.46642827
            9.84       0.46617966
            9.85       0.46593107
            9.86       0.46568251
            9.87       0.46543396
            9.88       0.46518544
            9.89       0.46493693
             9.9       0.46468844
            9.91       0.46443996
            9.92       0.46419149
            9.93       0.46394303
            9.94       0.46369459
            9.95       0.46344615
            9.96       0.46319771
            9.97       0.46294928
            9.98       0.46270085
            9.99       0.46245243
              10         0.462204

