20487 0 0 0.00515639 0.00492299 0.991075 0.989646 97.4679 94.7945 7 2195203 2091659 1.55048e+07 1.47948e+07
20488 0 2 0.00722877 0.0028171 0.985397 0.990496 115.282 71.9861 7 3059460 1199869 2.17336e+07 8.47967e+06
20489 42 84 0.00659466 0.00346858 0.989441 0.990754 110.526 80.8208 7 2803495 1477498 1.98339e+07 1.0439e+07
20490 40 126 0.00412594 0.00591401 0.985837 0.988948 86.9885 105.376 7 1734270 2513594 1.23143e+07 1.77918e+07
20491 0 0 0.0040063 0.00600308 0.986684 0.989355 84.8351 104.096 7 1697435 2554996 1.20424e+07 1.80774e+07
20492 51 19 0.00479672 0.00523432 0.987394 0.988041 94.1807 97.949 7 2034200 2217135 1.44212e+07 1.57078e+07
20493 0 77 0.0073184 0.00273323 0.987681 0.979679 114.974 70.8096 7 3102631 1133086 2.19893e+07 8.09612e+06
20494 28 87 0.00320679 0.00680678 0.988945 0.988365 77.0584 111.969 7 1360149 2892253 9.62747e+06 2.04841e+07
20498 0 0 0.0050619 0.00496772 0.988194 0.989895 95.9062 95.0579 7 2142955 2107275 1.51799e+07 1.49015e+07
20499 0 13 0.00262706 0.00738837 0.988302 0.987707 69.7997 116.799 7 1110514 3131398 7.86561e+06 2.21926e+07
20500 19 0 0.0040744 0.00595454 0.990156 0.989086 86.7122 104.461 7 1727369 2525166 1.22118e+07 1.78712e+07
20501 86 53 0.0073225 0.00269037 0.966021 0.946177 115.477 68.6659 7 3029815 1092122 2.19547e+07 8.07973e+06
20502 13 15 0.00559066 0.00443402 0.990326 0.988641 102.509 90.0278 7 2366454 1877683 1.6727e+07 1.32948e+07
20503 33 0 0.0044312 0.00563191 0.988776 0.990285 90.0056 102.352 7 1866964 2382952 1.32171e+07 1.68443e+07
20504 0 0 0.00517703 0.00486604 0.990108 0.989243 97.6576 94.2019 7 2188209 2061004 1.54705e+07 1.45839e+07
20505 1 0 0.00439923 0.00563099 0.968082 0.933668 87.8408 98.2853 7 1822028 2252355 1.31747e+07 1.68866e+07
20506 82 0 0.00666199 0.00335413 0.984325 0.985432 111.337 78.5812 7 2806492 1416263 1.99583e+07 1.00604e+07
20507 25 25 0.00690826 0.00312295 0.988945 0.987053 112.281 76.857 7 2922798 1319976 2.06883e+07 9.36103e+06
20508 25 0 0.00363681 0.00639297 0.986356 0.989964 45.9891 108.042 7 1539673 2709021 1.09268e+07 1.91554e+07
