20487 0 0 0.00515639 0.00492299 0.991075 0.989646 97.4679 94.7945 7 2195203 2091659 1.55048e+07 1.47948e+07
20488 0 2 0.00722877 0.0028171 0.985397 0.990496 115.282 71.9861 7 3059460 1199869 2.17336e+07 8.47967e+06
20489 42 84 0.00659466 0.00346858 0.989441 0.990754 110.526 80.8208 7 2803495 1477498 1.98339e+07 1.0439e+07
20490 40 126 0.00412594 0.00591401 0.985799 0.988909 86.9885 105.376 7 1734204 2513497 1.23143e+07 1.77918e+07
20491 0 0 0.0040063 0.00600308 0.986642 0.989319 84.8351 104.096 7 1697363 2554901 1.20424e+07 1.80774e+07
20492 51 19 0.00479672 0.00523432 0.987357 0.988001 94.1807 97.949 7 2034125 2217046 1.44212e+07 1.57078e+07
20493 0 77 0.0073184 0.00273323 0.987649 0.97965 114.974 70.8096 7 3102530 1133052 2.19893e+07 8.09612e+06
20494 28 87 0.00320679 0.00680678 0.988909 0.988327 77.0584 111.969 7 1360099 2892142 9.62747e+06 2.04841e+07
20498 0 0 0.0050619 0.00496772 0.988153 0.989855 95.9062 95.0579 7 2142866 2107190 1.51799e+07 1.49015e+07
20499 0 13 0.00262706 0.00738837 0.988266 0.987669 69.7997 116.799 7 1110474 3131276 7.86561e+06 2.21926e+07
20500 19 0 0.0040744 0.00595454 0.990127 0.989045 86.7122 104.461 7 1727319 2525059 1.22118e+07 1.78712e+07
20501 86 53 0.0073225 0.00269037 0.965987 0.946146 115.477 68.6659 7 3029708 1092086 2.19547e+07 8.07973e+06
20502 13 15 0.00559066 0.00443402 0.990293 0.988604 102.509 90.0278 7 2366376 1877613 1.6727e+07 1.32948e+07
20503 33 0 0.0044312 0.00563191 0.988742 0.990253 90.0056 102.352 7 1866900 2382873 1.32171e+07 1.68443e+07
20504 0 0 0.00517703 0.00486604 0.99007 0.989203 97.6576 94.2019 7 2188126 2060920 1.54705e+07 1.45839e+07
20505 1 0 0.00439923 0.00563099 0.96805 0.933633 87.8408 98.2853 7 1821966 2252270 1.31747e+07 1.68866e+07
20506 82 0 0.00666199 0.00335413 0.984286 0.985402 111.337 78.5812 7 2806383 1416220 1.99583e+07 1.00604e+07
20507 25 25 0.00690826 0.00312295 0.988913 0.987021 112.281 76.857 7 2922704 1319933 2.06883e+07 9.36103e+06
20508 25 0 0.00363681 0.00639297 0.986315 0.989926 45.9891 108.042 7 1539610 2708919 1.09268e+07 1.91554e+07
